Home offset is 0
angle (deg)	photocurrent
0.1	3.34583333333333E-06
0.2	3.41193333333333E-06
0.3	3.45696666666667E-06
0.4	3.56163333333333E-06
0.5	3.6294E-06
0.6	3.70256666666667E-06
0.7	3.73066666666667E-06
0.8	3.855E-06
0.9	3.90883333333333E-06
1	3.98303333333333E-06
1.1	3.99386666666667E-06
1.2	4.11513333333333E-06
1.3	4.19883333333333E-06
1.4	4.2764E-06
1.5	4.33466666666667E-06
1.6	4.376E-06
1.7	4.51053333333333E-06
1.8	4.58873333333333E-06
1.9	4.66596666666667E-06
2	4.66666666666667E-06
2.1	4.80553333333333E-06
2.2	4.89736666666667E-06
2.3	4.97186666666667E-06
2.4	5.05456666666667E-06
2.5	5.0806E-06
2.6	5.23103333333333E-06
2.7	5.30963333333333E-06
2.8	5.38853333333333E-06
2.9	5.4299E-06
3	5.499E-06
3.1	5.65483333333333E-06
3.2	5.73303333333333E-06
3.3	5.82963333333333E-06
3.4	5.83433333333333E-06
3.5	5.99933333333333E-06
3.6	6.10906666666667E-06
3.7	6.1921E-06
3.8	6.2873E-06
3.9	6.29913333333333E-06
4	6.4746E-06
4.1	6.58196666666667E-06
4.2	6.66666666666667E-06
4.3	6.75983333333333E-06
4.4	6.77713333333333E-06
4.5	6.96443333333333E-06
4.6	7.06976666666667E-06
4.7	7.17546666666667E-06
4.8	7.2805E-06
4.9	7.30286666666667E-06
5	7.4936E-06
5.1	7.6047E-06
5.2	7.70833333333333E-06
5.3	7.81063333333333E-06
5.4	7.80453333333333E-06
5.5	7.98883333333333E-06
5.6	8.14093333333333E-06
5.7	8.23846666666667E-06
5.8	8.33606666666667E-06
5.9	8.37063333333333E-06
5.99999999999999	8.47226666666667E-06
6.09999999999999	8.68193333333333E-06
6.19999999999999	8.77883333333333E-06
6.29999999999999	8.89603333333333E-06
6.39999999999999	8.97733333333333E-06
6.49999999999999	9.01086666666667E-06
6.59999999999999	9.23853333333333E-06
6.69999999999999	9.3598E-06
6.79999999999999	9.46786666666667E-06
6.89999999999999	9.5993E-06
6.99999999999999	9.5854E-06
7.09999999999999	9.78593333333333E-06
7.19999999999999	9.97396666666667E-06
7.29999999999999	1.00763333333333E-05
7.39999999999999	1.02063333333333E-05
7.49999999999999	1.02913333333333E-05
7.59999999999999	1.03373333333333E-05
7.69999999999999	1.05903333333333E-05
7.79999999999999	1.07156666666667E-05
7.89999999999999	1.08186666666667E-05
7.99999999999999	1.09533333333333E-05
8.09999999999999	1.09633333333333E-05
8.19999999999999	1.10656666666667E-05
8.29999999999999	1.1331E-05
8.39999999999999	1.14496666666667E-05
8.49999999999999	1.15536666666667E-05
8.59999999999999	1.16926666666667E-05
8.69999999999999	1.17003333333333E-05
8.79999999999998	1.1819E-05
8.89999999999998	1.21076666666667E-05
8.99999999999998	1.22156666666667E-05
9.09999999999998	1.23226666666667E-05
9.19999999999998	1.24783333333333E-05
9.29999999999998	1.2504E-05
9.39999999999998	1.26036666666667E-05
9.49999999999998	1.29206666666667E-05
9.59999999999998	1.30656666666667E-05
9.69999999999998	1.32063333333333E-05
9.79999999999998	1.33763333333333E-05
9.89999999999998	1.342E-05
9.99999999999998	1.348E-05
10.1	1.37793333333333E-05
10.2	1.39326666666667E-05
10.3	1.40646666666667E-05
10.4	1.4215E-05
10.5	1.42913333333333E-05
10.6	1.43253333333333E-05
10.7	1.4598E-05
10.8	1.4782E-05
10.9	1.48926666666667E-05
11	1.50303333333333E-05
11.1	1.5171E-05
11.2	1.5134E-05
11.3	1.53216666666667E-05
11.4	1.56303333333333E-05
11.5	1.57556666666667E-05
11.6	1.58956666666667E-05
11.7	1.6055E-05
11.8	1.60896666666667E-05
11.9	1.61366666666667E-05
12	1.64643333333333E-05
12.1	1.66366666666667E-05
12.2	1.67403333333333E-05
12.3	1.6874E-05
12.4	1.7007E-05
12.5	1.69543333333333E-05
12.6	1.70773333333333E-05
12.7	1.74326666666667E-05
12.8	1.75756666666667E-05
12.9	1.76826666666667E-05
13	1.7827E-05
13.1	1.79703333333333E-05
13.2	1.7932E-05
13.3	1.80506666666667E-05
13.4	1.8457E-05
13.5	1.86193333333333E-05
13.6	1.87533333333333E-05
13.7	1.892E-05
13.8	1.90913333333333E-05
13.9	1.90703333333333E-05
14	1.91623333333333E-05
14.1	1.95443333333333E-05
14.2	1.9761E-05
14.3	1.9889E-05
14.4	2.00516666666667E-05
14.5	2.02406666666667E-05
14.6	2.0247E-05
14.7	2.03106666666667E-05
14.8	2.06783333333333E-05
14.9	2.09133333333333E-05
15	2.10473333333333E-05
15.1	2.1231E-05
15.2	2.1405E-05
15.3	2.14976666666667E-05
15.4	2.14313333333333E-05
15.5	2.16993333333333E-05
15.6	2.20906666666667E-05
15.7	2.225E-05
15.8	2.23973333333333E-05
15.9	2.25803333333333E-05
16	2.275E-05
16.1	2.27453333333333E-05
16.2	2.2825E-05
16.3	2.31936666666667E-05
16.4	2.34506666666667E-05
16.5	2.35683333333333E-05
16.6	2.37246666666667E-05
16.7	2.38923333333333E-05
16.8	2.3991E-05
16.9	2.38883333333333E-05
17	2.4122E-05
17.1	2.45633333333333E-05
17.2	2.4755E-05
17.3	2.48816666666667E-05
17.4	2.50416666666667E-05
17.5	2.5235E-05
17.6	2.53036666666667E-05
17.7	2.52333333333333E-05
17.8	2.55373333333333E-05
17.9	2.5972E-05
18	2.61616666666667E-05
18.1	2.6297E-05
18.2	2.65023333333333E-05
18.3	2.6709E-05
18.4	2.68176666666667E-05
18.5	2.67073333333333E-05
18.6	2.69343333333333E-05
18.7	2.74116666666667E-05
18.8	2.7654E-05
18.9	2.78286666666667E-05
19	2.80073333333333E-05
19.1	2.8214E-05
19.2	2.84246666666667E-05
19.3	2.84366666666667E-05
19.4	2.8481E-05
19.5	2.8809E-05
19.6	2.92583333333333E-05
19.7	2.9474E-05
19.8	2.96296666666667E-05
19.9	2.98236666666667E-05
20	3.00623333333333E-05
20.1	3.02433333333333E-05
20.2	3.01836666666667E-05
20.3	3.0363E-05
20.4	3.07516666666667E-05
20.5	3.11666666666667E-05
20.6	3.13636666666667E-05
20.7	3.1554E-05
20.8	3.17496666666667E-05
20.9	3.1973E-05
21	3.21033333333333E-05
21.1	3.19843333333333E-05
21.2	3.21836666666667E-05
21.3	3.26773333333333E-05
21.4	3.30756666666667E-05
21.5	3.32453333333333E-05
21.6	3.34313333333333E-05
21.7	3.36043333333333E-05
21.8	3.38343333333333E-05
21.9	3.39193333333333E-05
22	3.376E-05
22.1	3.39733333333333E-05
22.2	3.44406666666667E-05
22.3	3.4827E-05
22.4	3.499E-05
22.5000000000001	3.5152E-05
22.6000000000001	3.5345E-05
22.7000000000001	3.55823333333333E-05
22.8000000000001	3.57386666666667E-05
22.9000000000001	3.5691E-05
23.0000000000001	3.57586666666667E-05
23.1000000000001	3.6033E-05
23.2000000000001	3.65346666666667E-05
23.3000000000001	3.6788E-05
23.4000000000001	3.69343333333333E-05
23.5000000000001	3.71306666666667E-05
23.6000000000001	3.73103333333333E-05
23.7000000000001	3.7544E-05
23.8000000000001	3.76693333333333E-05
23.9000000000001	3.74693333333333E-05
24.0000000000001	3.77336666666667E-05
24.1000000000001	3.813E-05
24.2000000000001	3.85433333333333E-05
24.3000000000001	3.87466666666667E-05
24.4000000000001	3.8902E-05
24.5000000000001	3.90883333333333E-05
24.6000000000001	3.93086666666667E-05
24.7000000000001	3.9512E-05
24.8000000000001	3.95763333333333E-05
24.9000000000001	3.94173333333333E-05
25.0000000000001	3.9668E-05
25.1000000000001	4.02303333333333E-05
25.2000000000001	4.06533333333333E-05
25.3000000000001	4.0857E-05
25.4000000000001	4.10536666666667E-05
25.5000000000001	4.12766666666667E-05
25.6000000000001	4.15173333333333E-05
25.7000000000001	4.1704E-05
25.8000000000001	4.1731E-05
25.9000000000001	4.1575E-05
26.0000000000001	4.18256666666667E-05
26.1000000000001	4.2432E-05
26.2000000000001	4.2835E-05
26.3000000000001	4.30623333333333E-05
26.4000000000001	4.32246666666667E-05
26.5000000000001	4.34416666666667E-05
26.6000000000001	4.36616666666667E-05
26.7000000000001	4.38953333333333E-05
26.8000000000001	4.40173333333333E-05
26.9000000000001	4.3821E-05
27.0000000000001	4.40583333333333E-05
27.1000000000001	4.44443333333333E-05
27.2000000000001	4.49833333333333E-05
27.3000000000001	4.5264E-05
27.4000000000001	4.541E-05
27.5000000000001	4.56066666666667E-05
27.6000000000001	4.58433333333333E-05
27.7000000000001	4.60703333333333E-05
27.8000000000001	4.625E-05
27.9000000000001	4.62396666666667E-05
28.0000000000001	4.61346666666667E-05
28.1000000000001	4.63653333333333E-05
28.2000000000001	4.70526666666667E-05
28.3000000000001	4.74726666666667E-05
28.4000000000001	4.76556666666667E-05
28.5000000000001	4.78383333333333E-05
28.6000000000001	4.80213333333333E-05
28.7000000000001	4.82653333333333E-05
28.8000000000001	4.85093333333333E-05
28.9000000000001	4.86956666666667E-05
29.0000000000001	4.8608E-05
29.1000000000001	4.85093333333333E-05
29.2000000000001	4.87906666666667E-05
29.3000000000001	4.94853333333333E-05
29.4000000000001	4.9929E-05
29.5000000000001	5.01486666666667E-05
29.6000000000002	5.03526666666667E-05
29.7000000000002	5.05623333333333E-05
29.8000000000002	5.08163333333333E-05
29.9000000000002	5.10836666666667E-05
30.0000000000002	5.12566666666667E-05
30.1000000000002	5.12936666666667E-05
30.2000000000002	5.11313333333333E-05
30.3000000000002	5.14263333333333E-05
30.4000000000002	5.20833333333333E-05
30.5000000000002	5.26153333333333E-05
30.6000000000002	5.28826666666667E-05
30.7000000000002	5.30793333333333E-05
30.8000000000002	5.32793333333333E-05
30.9000000000002	5.3547E-05
31.0000000000002	5.38076666666667E-05
31.1000000000002	5.40383333333333E-05
31.2000000000002	5.41126666666667E-05
31.3000000000002	5.3872E-05
31.4000000000002	5.4187E-05
31.5000000000002	5.44953333333333E-05
31.6000000000002	5.51793333333333E-05
31.7000000000002	5.55556666666667E-05
31.8000000000002	5.57653333333333E-05
31.9000000000002	5.59316666666667E-05
32.0000000000002	5.61313333333333E-05
32.1000000000002	5.63653333333333E-05
32.2000000000002	5.6616E-05
32.3000000000002	5.6819E-05
32.4000000000002	5.68293333333333E-05
32.5000000000002	5.6548E-05
32.6000000000002	5.68766666666667E-05
32.7000000000002	5.7195E-05
32.8000000000002	5.78826666666667E-05
32.9000000000002	5.82453333333333E-05
33.0000000000002	5.8442E-05
33.1000000000002	5.86346666666667E-05
33.2000000000002	5.8845E-05
33.3000000000002	5.9082E-05
33.4000000000002	5.93463333333333E-05
33.5000000000002	5.95493333333333E-05
33.6000000000002	5.95563333333333E-05
33.7000000000002	5.92483333333333E-05
33.8000000000002	5.96273333333333E-05
33.9000000000002	5.9939E-05
34.0000000000002	6.06506666666667E-05
34.1000000000002	6.0996E-05
34.2000000000002	6.12333333333333E-05
34.3000000000002	6.1423E-05
34.4000000000002	6.16193333333333E-05
34.5000000000002	6.187E-05
34.6000000000002	6.21373333333333E-05
34.7000000000002	6.2378E-05
34.8000000000002	6.25E-05
34.9000000000002	6.23846666666667E-05
35.0000000000002	6.2256E-05
35.1000000000002	6.25166666666667E-05
35.2000000000002	6.3147E-05
35.3000000000002	6.37603333333333E-05
35.4000000000002	6.4075E-05
35.5000000000002	6.42446666666667E-05
35.6000000000002	6.44276666666667E-05
35.7000000000002	6.4634E-05
35.8000000000002	6.4888E-05
35.9000000000002	6.5153E-05
36.0000000000002	6.54066666666667E-05
36.1000000000002	6.55016666666667E-05
36.2000000000002	6.5393E-05
36.3000000000002	6.52573333333333E-05
36.4000000000002	6.5603E-05
36.5000000000002	6.60843333333333E-05
36.6000000000003	6.67343333333333E-05
36.7000000000003	6.71343333333333E-05
36.8000000000003	6.73513333333333E-05
36.9000000000003	6.75033333333333E-05
37.0000000000003	6.77066666666667E-05
37.1000000000003	6.79033333333333E-05
37.2000000000003	6.81473333333333E-05
37.3000000000003	6.83943333333333E-05
37.4000000000003	6.85673333333333E-05
37.5000000000003	6.85773333333333E-05
37.6000000000003	6.82186666666667E-05
37.7000000000003	6.851E-05
37.8000000000003	6.8662E-05
37.9000000000003	6.95226666666667E-05
38.0000000000003	7.0014E-05
38.1000000000003	7.02983333333333E-05
38.2000000000003	7.0454E-05
38.3000000000003	7.0644E-05
38.4000000000003	7.08673333333333E-05
38.5000000000003	7.11313333333333E-05
38.6000000000003	7.14026666666667E-05
38.7000000000003	7.16293333333333E-05
38.8000000000003	7.1704E-05
38.9000000000003	7.1494E-05
39.0000000000003	7.13486666666667E-05
39.1000000000003	7.16873333333333E-05
39.2000000000003	7.22053333333333E-05
39.3000000000003	7.29066666666667E-05
39.4000000000003	7.332E-05
39.5000000000003	7.353E-05
39.6000000000003	7.36823333333333E-05
39.7000000000003	7.39466666666667E-05
39.8000000000003	7.41503333333333E-05
39.9000000000003	7.43766666666667E-05
40.0000000000003	7.4604E-05
40.1000000000003	7.48513333333333E-05
40.2000000000003	7.4919E-05
40.3000000000003	7.47226666666667E-05
40.4000000000003	7.4624E-05
40.5000000000003	7.4963E-05
40.6000000000003	7.55423333333333E-05
40.7000000000003	7.62196666666667E-05
40.8000000000003	7.664E-05
40.9000000000003	7.688E-05
41.0000000000003	7.7043E-05
41.1000000000003	7.72493333333333E-05
41.2000000000003	7.75E-05
41.3000000000003	7.7707E-05
41.4000000000003	7.79576666666667E-05
41.5000000000003	7.8198E-05
41.6000000000003	7.82726666666667E-05
41.7000000000003	7.81136666666667E-05
41.8000000000003	7.7866E-05
41.9000000000003	7.82796666666667E-05
42.0000000000003	7.85133333333333E-05
42.1000000000003	7.93636666666667E-05
42.2000000000003	7.9892E-05
42.3000000000003	8.01663333333333E-05
42.4000000000003	8.03116666666667E-05
42.5000000000003	8.0508E-05
42.6000000000003	8.0681E-05
42.7000000000003	8.09486666666667E-05
42.8000000000003	8.1189E-05
42.9000000000003	8.1433E-05
43.0000000000003	8.15926666666667E-05
43.1000000000003	8.15753333333333E-05
43.2000000000003	8.12433333333333E-05
43.3000000000003	8.12603333333333E-05
43.4000000000003	8.15656666666667E-05
43.5000000000003	8.2145E-05
43.6000000000004	8.28593333333333E-05
43.7000000000004	8.32863333333333E-05
43.8000000000004	8.3547E-05
43.9000000000004	8.36556666666667E-05
44.0000000000004	8.38143333333333E-05
44.1000000000004	8.39973333333333E-05
44.2000000000004	8.42616666666667E-05
44.3000000000004	8.44753333333333E-05
44.4000000000004	8.47023333333333E-05
44.5000000000004	8.4939E-05
44.6000000000004	8.49326666666667E-05
44.7000000000004	8.46816666666667E-05
44.8000000000004	8.45056666666667E-05
44.9000000000004	8.49223333333333E-05
45.0000000000004	8.519E-05
45.1000000000004	8.6037E-05
45.2000000000004	8.65686666666667E-05
45.3000000000004	8.68433333333333E-05
45.4000000000004	8.70026666666667E-05
45.5000000000004	8.72123333333333E-05
45.6000000000004	8.73923333333333E-05
45.7000000000004	8.75953333333333E-05
45.8000000000004	8.78696666666667E-05
45.9000000000004	8.80966666666667E-05
46.0000000000004	8.83373333333333E-05
46.1000000000004	8.84453333333333E-05
46.2000000000004	8.83743333333333E-05
46.3000000000004	8.79946666666667E-05
46.4000000000004	8.80356666666667E-05
46.5000000000004	8.83606666666667E-05
46.6000000000004	8.88013333333333E-05
46.7000000000004	8.9594E-05
46.8000000000004	9.0085E-05
46.9000000000004	9.0356E-05
47.0000000000004	9.05253333333333E-05
47.1000000000004	9.06336666666667E-05
47.2000000000004	9.081E-05
47.3000000000004	9.101E-05
47.4000000000004	9.12506666666667E-05
47.5000000000004	9.14843333333333E-05
47.6000000000004	9.1728E-05
47.7000000000004	9.18326666666667E-05
47.8000000000004	9.17383333333333E-05
47.9000000000004	9.1332E-05
48.0000000000004	9.13686666666667E-05
48.1000000000004	9.17756666666667E-05
48.2000000000004	9.21143333333333E-05
48.3000000000004	9.2914E-05
48.4000000000004	9.3442E-05
48.5000000000004	9.37536666666667E-05
48.6000000000004	9.39363333333334E-05
48.7000000000004	9.40826666666667E-05
48.8000000000004	9.42143333333333E-05
48.9000000000004	9.4401E-05
49.0000000000004	9.46483333333333E-05
49.1000000000004	9.4882E-05
49.2000000000004	9.51053333333333E-05
49.3000000000004	9.53053333333333E-05
49.4000000000004	9.53726666666667E-05
49.5000000000004	9.5278E-05
49.6000000000004	9.49023333333333E-05
49.7000000000004	9.49563333333333E-05
49.8000000000004	9.5353E-05
49.9000000000004	9.56166666666667E-05
50.0000000000004	9.64736666666667E-05
50.1000000000004	9.70633333333333E-05
50.2000000000004	9.73986666666667E-05
50.3000000000004	9.7592E-05
50.4000000000004	9.77783333333333E-05
50.5000000000004	9.79136666666667E-05
50.6000000000004	9.81236666666667E-05
50.7000000000005	9.83846666666667E-05
50.8000000000005	9.86213333333333E-05
50.9000000000005	9.8825E-05
51.0000000000005	9.90826666666667E-05
51.1000000000005	9.92013333333333E-05
51.2000000000005	9.91843333333333E-05
51.3000000000005	9.8964E-05
51.4000000000005	9.8608E-05
51.5000000000005	9.89773333333333E-05
51.6000000000005	9.9096E-05
51.7000000000005	9.97126666666667E-05
51.8000000000005	0.000100426666666667
51.9000000000005	0.000100923333333333
52.0000000000005	0.000101213333333333
52.1000000000005	0.000101416666666667
52.2000000000005	0.00010154
52.3000000000005	0.000101703333333333
52.4000000000005	0.000101903333333333
52.5000000000005	0.000102043333333333
52.6000000000005	0.000102226666666667
52.7000000000005	0.000102473333333333
52.8000000000005	0.000102686666666667
52.9000000000005	0.000102816666666667
53.0000000000005	0.00010279
53.1000000000005	0.000102616666666667
53.2000000000005	0.00010209
53.3000000000005	0.000102303333333333
53.4000000000005	0.00010254
53.5000000000005	0.00010307
53.6000000000005	0.00010384
53.7000000000005	0.000104326666666667
53.8000000000005	0.000104633333333333
53.9000000000005	0.000104793333333333
54.0000000000005	0.00010491
54.1000000000005	0.000105023333333333
54.2000000000005	0.00010519
54.3000000000005	0.000105366666666667
54.4000000000005	0.000105586666666667
54.5000000000005	0.000105813333333333
54.6000000000005	0.000106056666666667
54.7000000000005	0.000106196666666667
54.8000000000005	0.00010618
54.9000000000005	0.000106026666666667
55.0000000000005	0.00010565
55.1000000000005	0.000105563333333333
55.2000000000005	0.000106013333333333
55.3000000000005	0.000105973333333333
55.4000000000005	0.000106786666666667
55.5000000000005	0.000107446666666667
55.6000000000005	0.000107876666666667
55.7000000000005	0.000108136666666667
55.8000000000005	0.000108286666666667
55.9000000000005	0.000108393333333333
56.0000000000005	0.000108523333333333
56.1000000000005	0.00010869
56.2000000000005	0.00010888
56.3000000000005	0.000109033333333333
56.4000000000005	0.000109253333333333
56.5000000000005	0.00010947
56.6000000000005	0.000109626666666667
56.7000000000005	0.000109703333333333
56.8000000000005	0.000109623333333333
56.9000000000005	0.000109263333333333
57.0000000000005	0.000108903333333333
57.1000000000005	0.00010922
57.2000000000005	0.00010931
57.3000000000005	0.000109716666666667
57.4000000000005	0.00011051
57.5000000000005	0.000111016666666667
57.6000000000005	0.00011139
57.7000000000006	0.00011155
57.8000000000006	0.000111646666666667
57.9000000000006	0.00011174
58.0000000000006	0.000111883333333333
58.1000000000006	0.000111976666666667
58.2000000000006	0.0001121
58.3000000000006	0.000112273333333333
58.4000000000006	0.000112463333333333
58.5000000000006	0.00011264
58.6000000000006	0.000112786666666667
58.7000000000006	0.000112806666666667
58.8000000000006	0.00011265
58.9000000000006	0.000112403333333333
59.0000000000006	0.00011195
59.1000000000006	0.00011219
59.2000000000006	0.000112493333333333
59.3000000000006	0.000112636666666667
59.4000000000006	0.000113423333333333
59.5000000000006	0.000114023333333333
59.6000000000006	0.0001144
59.7000000000006	0.000114576666666667
59.8000000000006	0.000114663333333333
59.9000000000006	0.000114743333333333
60.0000000000006	0.00011483
60.1000000000006	0.000114963333333333
60.2000000000006	0.000115096666666667
60.3000000000006	0.000115246666666667
60.4000000000006	0.00011542
60.5000000000006	0.000115613333333333
60.6000000000006	0.00011577
60.7000000000006	0.00011586
60.8000000000006	0.00011587
60.9000000000006	0.00011567
61.0000000000006	0.000115273333333333
61.1000000000006	0.000115003333333333
61.2000000000006	0.00011538
61.3000000000006	0.000115403333333333
61.4000000000006	0.000115783333333333
61.5000000000006	0.000116526666666667
61.6000000000006	0.000117053333333333
61.7000000000006	0.000117403333333333
61.8000000000006	0.000117633333333333
61.9000000000006	0.000117726666666667
62.0000000000006	0.000117803333333333
62.1000000000006	0.00011792
62.2000000000006	0.000118
62.3000000000006	0.00011817
62.4000000000006	0.000118333333333333
62.5000000000006	0.00011849
62.6000000000006	0.000118696666666667
62.7000000000006	0.000118846666666667
62.8000000000006	0.000118973333333333
62.9000000000006	0.000118953333333333
63.0000000000006	0.00011882
63.1000000000006	0.000118483333333333
63.2000000000006	0.000117976666666667
63.3000000000006	0.000118116666666667
63.4000000000006	0.000118553333333333
63.5000000000006	0.000118453333333333
63.6000000000006	0.000119263333333333
63.7000000000006	0.000119873333333333
63.8000000000006	0.000120316666666667
63.9000000000006	0.000120543333333333
64.0000000000006	0.000120656666666667
64.1000000000006	0.000120746666666667
64.2000000000006	0.00012082
64.3000000000006	0.000120853333333333
64.4000000000006	0.000120953333333333
64.5000000000006	0.000121076666666667
64.6000000000006	0.000121236666666667
64.7000000000006	0.00012138
64.8000000000006	0.000121523333333333
64.9000000000006	0.000121676666666667
65.0000000000006	0.000121756666666667
65.1000000000006	0.000121746666666667
65.2000000000006	0.000121546666666667
65.3000000000006	0.000121206666666667
65.4000000000006	0.00012069
65.5000000000006	0.000120813333333333
65.6000000000005	0.00012124
65.7000000000005	0.0001211
65.8000000000005	0.000121763333333333
65.9000000000005	0.000122433333333333
66.0000000000005	0.000122923333333333
66.1000000000005	0.00012319
66.2000000000005	0.00012336
66.3000000000005	0.000123413333333333
66.4000000000005	0.000123473333333333
66.5000000000005	0.00012353
66.6000000000005	0.00012361
66.7000000000005	0.00012372
66.8000000000005	0.00012389
66.9000000000005	0.000124033333333333
67.0000000000005	0.000124136666666667
67.1000000000005	0.0001243
67.2000000000005	0.0001244
67.3000000000005	0.000124416666666667
67.4000000000004	0.000124283333333333
67.5000000000004	0.00012402
67.6000000000004	0.000123516666666667
67.7000000000004	0.00012336
67.8000000000004	0.00012373
67.9000000000004	0.00012367
68.0000000000004	0.000123986666666667
68.1000000000004	0.000124723333333333
68.2000000000004	0.000125256666666667
68.3000000000004	0.00012561
68.4000000000004	0.000125816666666667
68.5000000000004	0.000125953333333333
68.6000000000004	0.000125996666666667
68.7000000000004	0.000126
68.8000000000004	0.000126036666666667
68.9000000000004	0.00012612
69.0000000000004	0.000126173333333333
69.1000000000004	0.000126303333333333
69.2000000000003	0.000126423333333333
69.3000000000003	0.000126506666666667
69.4000000000003	0.00012664
69.5000000000003	0.000126716666666667
69.6000000000003	0.000126763333333333
69.7000000000003	0.000126673333333333
69.8000000000003	0.00012647
69.9000000000003	0.00012609
70.0000000000003	0.00012556
70.1000000000003	0.000125673333333333
70.2000000000003	0.00012608
70.3000000000003	0.000125936666666667
70.4000000000003	0.00012657
70.5000000000003	0.000127223333333333
70.6000000000003	0.000127683333333333
70.7000000000003	0.00012798
70.8000000000003	0.000128146666666667
70.9000000000002	0.00012821
71.0000000000002	0.00012821
71.1000000000002	0.000128283333333333
71.2000000000002	0.000128303333333333
71.3000000000002	0.000128366666666667
71.4000000000002	0.00012846
71.5000000000002	0.000128553333333333
71.6000000000002	0.000128636666666667
71.7000000000002	0.00012878
71.8000000000002	0.000128873333333333
71.9000000000002	0.000128973333333333
72.0000000000002	0.00012902
72.1000000000002	0.000128933333333333
72.2000000000002	0.000128723333333333
72.3000000000002	0.00012836
72.4000000000002	0.000127786666666667
72.5000000000002	0.000127803333333333
72.6000000000002	0.00012817
72.7000000000001	0.00012805
72.8000000000001	0.000128316666666667
72.9000000000001	0.00012903
73.0000000000001	0.00012951
73.1000000000001	0.0001299
73.2000000000001	0.00013008
73.3000000000001	0.000130196666666667
73.4000000000001	0.000130213333333333
73.5000000000001	0.000130216666666667
73.6000000000001	0.00013024
73.7000000000001	0.00013025
73.8000000000001	0.000130306666666667
73.9000000000001	0.00013037
74.0000000000001	0.00013044
74.1000000000001	0.00013052
74.2000000000001	0.00013063
74.3000000000001	0.000130673333333333
74.4	0.000130743333333333
74.5	0.000130716666666667
74.6	0.00013062
74.7	0.000130383333333333
74.8	0.00012995
74.9	0.000129376666666667
75	0.00012944
75.1	0.00012978
75.2	0.000129646666666667
75.3	0.00012994
75.4	0.000130586666666667
75.5	0.00013108
75.6	0.000131383333333333
75.7	0.000131566666666667
75.8	0.000131666666666667
75.9	0.00013169
76	0.00013166
76.1	0.00013167
76.1999999999999	0.000131676666666667
76.2999999999999	0.000131693333333333
76.3999999999999	0.000131743333333333
76.4999999999999	0.000131806666666667
76.5999999999999	0.000131856666666667
76.6999999999999	0.000131903333333333
76.7999999999999	0.000132003333333333
76.8999999999999	0.000132053333333333
76.9999999999999	0.000132083333333333
77.0999999999999	0.000132043333333333
77.1999999999999	0.00013192
77.2999999999999	0.00013169
77.3999999999999	0.000131306666666667
77.4999999999999	0.00013074
77.5999999999999	0.000130633333333333
77.6999999999999	0.000130906666666667
77.7999999999999	0.00013098
77.8999999999998	0.00013082
77.9999999999998	0.000131356666666667
78.0999999999998	0.00013192
78.1999999999998	0.000132283333333333
78.2999999999998	0.000132576666666667
78.3999999999998	0.000132733333333333
78.4999999999998	0.000132766666666667
78.5999999999998	0.000132756666666667
78.6999999999998	0.00013269
78.7999999999998	0.000132673333333333
78.8999999999998	0.000132673333333333
78.9999999999998	0.000132666666666667
79.0999999999998	0.000132693333333333
79.1999999999998	0.00013272
79.2999999999998	0.00013274
79.3999999999998	0.000132786666666667
79.4999999999998	0.000132843333333333
79.5999999999998	0.000132863333333333
79.6999999999997	0.00013289
79.7999999999997	0.00013284
79.8999999999997	0.000132696666666667
79.9999999999997	0.000132476666666667
80.0999999999997	0.0001321
80.1999999999997	0.000131556666666667
80.2999999999997	0.00013127
80.3999999999997	0.00013133
80.4999999999997	0.000131616666666667
80.5999999999997	0.00013141
80.6999999999997	0.00013169
80.7999999999997	0.000132253333333333
80.8999999999997	0.000132666666666667
80.9999999999997	0.000132986666666667
81.0999999999997	0.000133143333333333
81.1999999999997	0.0001332
81.2999999999997	0.000133253333333333
81.3999999999997	0.000133153333333333
81.4999999999996	0.00013312
81.5999999999996	0.000133106666666667
81.6999999999996	0.00013306
81.7999999999996	0.00013305
81.8999999999996	0.000133053333333333
81.9999999999996	0.000133023333333333
82.0999999999996	0.000133026666666667
82.1999999999996	0.000133056666666667
82.2999999999996	0.000133066666666667
82.3999999999996	0.000133083333333333
82.4999999999996	0.00013306
82.5999999999996	0.00013303
82.6999999999996	0.000132893333333333
82.7999999999996	0.00013268
82.8999999999996	0.00013237
82.9999999999996	0.000131896666666667
83.0999999999996	0.000131353333333333
83.1999999999995	0.00013132
83.2999999999995	0.00013156
83.3999999999995	0.00013164
83.4999999999995	0.000131386666666667
83.5999999999995	0.00013184
83.6999999999995	0.000132293333333333
83.7999999999995	0.00013264
83.8999999999995	0.000132876666666667
83.9999999999995	0.00013301
84.0999999999995	0.00013308
84.1999999999995	0.000133066666666667
84.2999999999995	0.000132976666666667
84.3999999999995	0.000132906666666667
84.4999999999995	0.000132816666666667
84.5999999999995	0.000132773333333333
84.6999999999995	0.000132746666666667
84.7999999999995	0.000132713333333333
84.8999999999995	0.000132663333333333
84.9999999999994	0.000132643333333333
85.0999999999994	0.000132626666666667
85.1999999999994	0.000132643333333333
85.2999999999994	0.000132633333333333
85.3999999999994	0.000132606666666667
85.4999999999994	0.000132556666666667
85.5999999999994	0.000132493333333333
85.6999999999994	0.00013235
85.7999999999994	0.000132116666666667
85.8999999999994	0.000131796666666667
85.9999999999994	0.000131306666666667
86.0999999999994	0.000130756666666667
86.1999999999994	0.000130706666666667
86.2999999999994	0.000130856666666667
86.3999999999994	0.000130986666666667
86.4999999999994	0.00013073
86.5999999999994	0.00013085
86.6999999999993	0.000131336666666667
86.7999999999993	0.000131686666666667
86.8999999999993	0.00013193
86.9999999999993	0.000132076666666667
87.0999999999993	0.00013216
87.1999999999993	0.00013214
87.2999999999993	0.000132083333333333
87.3999999999993	0.00013199
87.4999999999993	0.000131883333333333
87.5999999999993	0.000131786666666667
87.6999999999993	0.000131726666666667
87.7999999999993	0.00013161
87.8999999999993	0.000131556666666667
87.9999999999993	0.00013151
88.0999999999993	0.000131456666666667
88.1999999999993	0.000131446666666667
88.2999999999993	0.00013141
88.3999999999993	0.000131383333333333
88.4999999999992	0.000131346666666667
88.5999999999992	0.00013133
88.6999999999992	0.0001312
88.7999999999992	0.000131033333333333
88.8999999999992	0.000130803333333333
88.9999999999992	0.000130496666666667
89.0999999999992	0.000130013333333333
89.1999999999992	0.000129483333333333
89.2999999999992	0.000129263333333333
89.3999999999992	0.0001293
89.4999999999992	0.00012943
89.5999999999992	0.000129133333333333
89.6999999999992	0.0001293
89.7999999999992	0.000129783333333333
89.8999999999992	0.000130123333333333
89.9999999999992	0.0001303
90.0999999999992	0.00013043
90.1999999999992	0.000130466666666667
90.2999999999991	0.000130436666666667
90.3999999999991	0.000130336666666667
90.4999999999991	0.000130256666666667
90.5999999999991	0.000130123333333333
90.6999999999991	0.000130003333333333
90.7999999999991	0.00012987
90.8999999999991	0.000129786666666667
90.9999999999991	0.000129703333333333
91.0999999999991	0.000129646666666667
91.1999999999991	0.000129583333333333
91.2999999999991	0.000129503333333333
91.3999999999991	0.000129436666666667
91.4999999999991	0.00012939
91.5999999999991	0.00012934
91.6999999999991	0.00012928
91.7999999999991	0.000129193333333333
91.8999999999991	0.00012904
91.999999999999	0.000128846666666667
92.099999999999	0.000128566666666667
92.199999999999	0.00012825
92.299999999999	0.000127713333333333
92.399999999999	0.00012717
92.499999999999	0.00012701
92.599999999999	0.000126903333333333
92.699999999999	0.000127143333333333
92.799999999999	0.00012691
92.899999999999	0.000126713333333333
92.999999999999	0.000127023333333333
93.099999999999	0.000127353333333333
93.199999999999	0.0001276
93.299999999999	0.000127733333333333
93.399999999999	0.000127823333333333
93.499999999999	0.000127826666666667
93.599999999999	0.000127773333333333
93.699999999999	0.00012765
93.7999999999989	0.00012756
93.8999999999989	0.00012744
93.9999999999989	0.000127266666666667
94.0999999999989	0.000127166666666667
94.1999999999989	0.00012705
94.2999999999989	0.00012694
94.3999999999989	0.000126806666666667
94.4999999999989	0.000126736666666667
94.5999999999989	0.000126653333333333
94.6999999999989	0.000126583333333333
94.7999999999989	0.000126493333333333
94.8999999999989	0.000126443333333333
94.9999999999989	0.000126353333333333
95.0999999999989	0.000126223333333333
95.1999999999989	0.000126073333333333
95.2999999999989	0.000125886666666667
95.3999999999989	0.000125636666666667
95.4999999999988	0.00012535
95.5999999999988	0.000124996666666667
95.6999999999988	0.00012454
95.7999999999988	0.000123963333333333
95.8999999999988	0.000123803333333333
95.9999999999988	0.000123676666666667
96.0999999999988	0.00012387
96.1999999999988	0.000123733333333333
96.2999999999988	0.000123423333333333
96.3999999999988	0.00012358
96.4999999999988	0.000123903333333333
96.5999999999988	0.00012412
96.6999999999988	0.000124236666666667
96.7999999999988	0.000124243333333333
96.8999999999988	0.00012425
96.9999999999988	0.000124186666666667
97.0999999999988	0.00012407
97.1999999999988	0.000123943333333333
97.2999999999987	0.000123783333333333
97.3999999999987	0.000123606666666667
97.4999999999987	0.00012344
97.5999999999987	0.000123276666666667
97.6999999999987	0.000123103333333333
97.7999999999987	0.000122963333333333
97.8999999999987	0.000122836666666667
97.9999999999987	0.00012273
98.0999999999987	0.000122586666666667
98.1999999999987	0.000122473333333333
98.2999999999987	0.000122333333333333
98.3999999999987	0.00012222
98.4999999999987	0.000122086666666667
98.5999999999987	0.000122003333333333
98.6999999999987	0.00012183
98.7999999999987	0.000121696666666667
98.8999999999987	0.000121533333333333
98.9999999999987	0.000121293333333333
99.0999999999986	0.000121026666666667
99.1999999999986	0.00012065
99.2999999999986	0.000120213333333333
99.3999999999986	0.0001197
99.4999999999986	0.000119316666666667
99.5999999999986	0.000119153333333333
99.6999999999986	0.000119126666666667
99.7999999999986	0.00011917
99.8999999999986	0.000118893333333333
99.9999999999986	0.000118653333333333
100.099999999999	0.000118773333333333
