Home offset is 0
theta0 (Initial angle from Home) is (deg) 35.494
angle from Home(deg)	angle from theta0(deg)	photocurrent
0	35.494	5.43766666666667E-08
0.1	35.594	5.4336E-08
0.2	35.694	5.43563333333333E-08
0.3	35.794	5.45426666666667E-08
0.4	35.894	5.40853333333333E-08
0.5	35.994	5.43936666666667E-08
0.6	36.094	5.47626666666667E-08
0.7	36.194	5.51286666666667E-08
0.8	36.294	5.541E-08
0.9	36.394	5.5569E-08
1.0	36.494	5.5596E-08
1.1	36.594	5.5569E-08
1.2	36.694	5.57486666666667E-08
1.3	36.794	5.583E-08
1.4	36.894	5.55823333333333E-08
1.5	36.994	5.54033333333333E-08
1.6	37.094	5.5671E-08
1.7	37.194	5.62026666666667E-08
1.8	37.294	5.65853333333333E-08
1.9	37.394	5.66733333333333E-08
2.0	37.494	5.6802E-08
2.1	37.594	5.6914E-08
2.2	37.694	5.71036666666667E-08
2.3	37.794	5.73306666666667E-08
2.4	37.894	5.73576666666667E-08
2.5	37.994	5.7388E-08
2.6	38.094	5.708E-08
2.7	38.194	5.73546666666667E-08
2.8	38.294	5.76286666666667E-08
2.9	38.394	5.8164E-08
3.0	38.494	5.81743333333333E-08
3.1	38.594	5.82553333333333E-08
3.2	38.694	5.83706666666667E-08
3.3	38.794	5.8557E-08
3.4	38.894	5.8767E-08
3.5	38.994	5.88653333333333E-08
3.6	39.094	5.9099E-08
3.7	39.194	5.88956666666667E-08
3.8	39.294	5.8872E-08
3.9	39.394	5.91936666666667E-08
4.0	39.494	5.9719E-08
4.1	39.594	5.99966666666667E-08
4.2	39.694	6.02133333333333E-08
4.3	39.794	6.03693333333333E-08
4.4	39.894	6.0359E-08
4.5	39.994	6.06403333333333E-08
4.6	40.094	6.0864E-08
4.7	40.194	6.1169E-08
4.8	40.294	6.11043333333333E-08
4.9	40.394	6.09993333333333E-08
5.0	40.494	6.08436666666667E-08
5.1	40.594	6.10773333333333E-08
5.2	40.694	6.1423E-08
5.3	40.794	6.20256666666667E-08
5.4	40.894	6.2246E-08
5.5	40.994	6.25133333333333E-08
5.6	41.094	6.27846666666667E-08
5.7	41.194	6.28556666666667E-08
5.8	41.294	6.3076E-08
5.9	41.394	6.31876666666667E-08
6.0	41.494	6.4075E-08
6.1	41.594	6.3408E-08
6.2	41.694	6.3127E-08
6.3	41.794	6.32553333333333E-08
6.4	41.894	6.35063333333333E-08
6.5	41.994	6.4075E-08
6.6	42.094	6.45393333333333E-08
6.7	42.194	6.46543333333333E-08
6.8	42.294	6.4929E-08
6.9	42.394	6.50743333333333E-08
7.0	42.494	6.5203E-08
7.1	42.594	6.5461E-08
7.2	42.694	6.55863333333333E-08
7.3	42.794	6.5867E-08
7.4	42.894	6.5732E-08
7.5	42.994	6.5576E-08
7.6	43.094	6.59416666666667E-08
7.7	43.194	6.60536666666667E-08
7.8	43.294	6.68803333333333E-08
7.9	43.394	6.72596666666667E-08
8.0	43.494	6.7341E-08
8.1	43.594	6.76086666666667E-08
8.2	43.694	6.77643333333333E-08
8.3	43.794	6.8039E-08
8.4	43.894	6.83366666666667E-08
8.5	43.994	6.84316666666667E-08
8.6	44.094	6.86313333333333E-08
8.7	44.194	6.88146666666667E-08
8.8	44.294	6.85943333333333E-08
8.9	44.394	6.8608E-08
9.0	44.494	6.89503333333333E-08
9.1	44.594	6.9533E-08
9.2	44.694	6.99696666666667E-08
9.3	44.794	7.0315E-08
9.4	44.894	7.05863333333333E-08
9.5	44.994	7.08266666666667E-08
9.6	45.094	7.10233333333333E-08
9.7	45.194	7.12603333333333E-08
9.8	45.294	7.16126666666667E-08
9.9	45.394	7.18396666666667E-08
10.0	45.494	7.21916666666667E-08
10.1	45.594	7.21543333333333E-08
10.2	45.694	7.21683333333333E-08
10.3	45.794	7.22663333333333E-08
10.4	45.894	7.2551E-08
10.5	45.994	7.30253333333333E-08
10.6	46.094	7.36113333333333E-08
10.7	46.194	7.4055E-08
10.8	46.294	7.43973333333333E-08
10.9	46.394	7.4624E-08
11.0	46.494	7.4824E-08
11.1	46.594	7.51663333333333E-08
11.2	46.694	7.5471E-08
11.3	46.794	7.57486666666667E-08
11.4	46.894	7.6067E-08
11.5	46.994	7.63553333333333E-08
11.6	47.094	7.64093333333333E-08
11.7	47.194	7.61486666666667E-08
11.8	47.294	7.64533333333333E-08
11.9	47.394	7.68296666666667E-08
12.0	47.494	7.75E-08
12.1	47.594	7.81033333333333E-08
12.2	47.694	7.85403333333333E-08
12.3	47.794	7.8842E-08
12.4	47.894	7.89806666666667E-08
12.5	47.994	7.92413333333333E-08
12.6	48.094	7.957E-08
12.7	48.194	7.9949E-08
12.8	48.294	8.01563333333333E-08
12.9	48.394	8.05323333333333E-08
13.0	48.494	8.0854E-08
13.1	48.594	8.09756666666667E-08
13.2	48.694	8.09926666666667E-08
13.3	48.794	8.09626666666667E-08
13.4	48.894	8.14163333333333E-08
13.5	48.994	8.17483333333333E-08
13.6	49.094	8.25003333333333E-08
13.7	49.194	8.3205E-08
13.8	49.294	8.37163333333333E-08
13.9	49.394	8.3913E-08
14.0	49.494	8.4299E-08
14.1	49.594	8.458E-08
14.2	49.694	8.4909E-08
14.3	49.794	8.53796666666667E-08
14.4	49.894	8.57253333333333E-08
14.5	49.994	8.60026666666667E-08
14.6	50.094	8.6372E-08
14.7	50.194	8.6667E-08
14.8	50.294	8.66736666666667E-08
14.9	50.394	8.6552E-08
15.0	50.494	8.69243333333333E-08
15.1	50.594	8.7426E-08
15.2	50.694	8.81746666666667E-08
15.3	50.794	8.9045E-08
15.4	50.894	8.97463333333333E-08
15.5	50.994	9.0031E-08
15.6	51.094	9.04443333333333E-08
15.7	51.194	9.0661E-08
15.8	51.294	9.1139E-08
15.9	51.394	9.15923333333333E-08
16.0	51.494	9.19786666666667E-08
16.1	51.594	9.2331E-08
16.2	51.694	9.2683E-08
16.3	51.794	9.30933333333333E-08
16.4	51.894	9.3188E-08
16.5	51.994	9.3456E-08
16.6	52.094	9.32966666666667E-08
16.7	52.194	9.3693E-08
16.8	52.294	9.42076666666667E-08
16.9	52.394	9.4882E-08
17.0	52.494	9.58606666666667E-08
17.1	52.594	9.64603333333333E-08
17.2	52.694	9.71006666666667E-08
17.3	52.794	9.73513333333333E-08
17.4	52.894	9.77206666666667E-08
17.5	52.994	9.82083333333333E-08
17.6	53.094	9.86556666666667E-08
17.7	53.194	9.91603333333333E-08
17.8	53.294	9.97363333333333E-08
17.9	53.394	1.0002E-07
18.0	53.494	1.0047E-07
18.1	53.594	1.0073E-07
18.2	53.694	1.009E-07
18.3	53.794	1.0075E-07
18.4	53.894	1.0081E-07
18.5	53.994	1.01346666666667E-07
18.6	54.094	1.0184E-07
18.7	54.194	1.02633333333333E-07
18.8	54.294	1.03543333333333E-07
18.9	54.394	1.04456666666667E-07
19.0	54.494	1.05256666666667E-07
19.1	54.594	1.05306666666667E-07
19.2	54.694	1.0582E-07
19.3	54.794	1.06183333333333E-07
19.4	54.894	1.06723333333333E-07
19.5	54.994	1.07593333333333E-07
19.6	55.094	1.08193333333333E-07
19.7	55.194	1.08466666666667E-07
19.8	55.294	1.08966666666667E-07
19.9	55.394	1.09306666666667E-07
20.0	55.494	1.0958E-07
20.1	55.594	1.1058E-07
20.2	55.694	1.1009E-07
20.3	55.794	1.10246666666667E-07
20.4	55.894	1.1106E-07
20.5	55.994	1.118E-07
20.6	56.094	1.12703333333333E-07
20.7	56.194	1.1468E-07
20.8	56.294	1.14713333333333E-07
20.9	56.394	1.15616666666667E-07
21.0	56.494	1.1566E-07
21.1	56.594	1.1673E-07
21.2	56.694	1.17626666666667E-07
21.3	56.794	1.18016666666667E-07
21.4	56.894	1.19323333333333E-07
21.5	56.994	1.19833333333333E-07
21.6	57.094	1.201E-07
21.7	57.194	1.22366666666667E-07
21.8	57.294	1.22736666666667E-07
21.9	57.394	1.22933333333333E-07
22.0	57.494	1.24336666666667E-07
22.1	57.594	1.2433E-07
22.2	57.694	1.2569E-07
22.3	57.794	1.25353333333333E-07
22.4	57.894	1.26163333333333E-07
22.5	57.994	1.27083333333333E-07
22.6	58.094	1.2856E-07
22.7	58.194	1.29466666666667E-07
22.8	58.294	1.31223333333333E-07
22.9	58.394	1.32926666666667E-07
23.0	58.494	1.34196666666667E-07
23.1	58.594	1.34996666666667E-07
23.2	58.694	1.35526666666667E-07
23.3	58.794	1.39896666666667E-07
23.4	58.894	1.38166666666667E-07
23.5	58.994	1.41316666666667E-07
23.6	59.094	1.42773333333333E-07
23.7	59.194	1.4198E-07
23.8	59.294	1.42943333333333E-07
23.9	59.394	1.46423333333333E-07
24.0	59.494	1.50206666666667E-07
24.1	59.594	1.4843E-07
24.2	59.694	1.54773333333333E-07
24.3	59.794	1.5057E-07
24.4	59.894	1.54516666666667E-07
24.5	59.994	1.55953333333333E-07
24.6	60.094	1.57116666666667E-07
24.7	60.194	1.603E-07
24.8	60.294	1.61326666666667E-07
24.9	60.394	1.6355E-07
25.0	60.494	1.672E-07
25.1	60.594	1.72116666666667E-07
25.2	60.694	1.73956666666667E-07
25.3	60.794	1.7487E-07
25.4	60.894	1.78296666666667E-07
25.5	60.994	1.79863333333333E-07
25.6	61.094	1.85876666666667E-07
25.7	61.194	1.8565E-07
25.8	61.294	1.9159E-07
25.9	61.394	1.95296666666667E-07
26.0	61.494	1.94933333333333E-07
26.1	61.594	1.9756E-07
26.2	61.694	1.99783333333333E-07
26.3	61.794	2.02406666666667E-07
26.4	61.894	2.08223333333333E-07
26.5	61.994	2.11283333333333E-07
26.6	62.094	2.14923333333333E-07
26.7	62.194	2.19983333333333E-07
26.8	62.294	2.26483333333333E-07
26.9	62.394	2.31523333333333E-07
27.0	62.494	2.31146666666667E-07
27.1	62.594	2.37366666666667E-07
27.2	62.694	2.3892E-07
27.3	62.794	2.51133333333333E-07
27.4	62.894	2.59333333333333E-07
27.5	62.994	2.605E-07
27.6	63.094	2.66546666666667E-07
27.7	63.194	2.71723333333333E-07
27.8	63.294	2.73186666666667E-07
27.9	63.394	2.821E-07
28.0	63.494	2.88536666666667E-07
28.1	63.594	2.97883333333333E-07
28.2	63.694	3.02396666666667E-07
28.3	63.794	3.04453333333333E-07
28.4	63.894	3.20706666666667E-07
28.5	63.994	3.91666666666667E-07
28.6	64.094	3.97693333333333E-07
28.7	64.194	4.07416666666667E-07
28.8	64.294	4.38143333333333E-07
28.9	64.394	4.2876E-07
29.0	64.494	4.21476666666667E-07
29.1	64.594	4.57653333333333E-07
29.2	64.694	4.51456666666667E-07
29.3	64.794	4.5549E-07
29.4	64.894	4.60736666666667E-07
29.5	64.994	4.644E-07
29.6	65.094	4.86143333333333E-07
29.7	65.194	5.08773333333333E-07
29.8	65.294	5.2778E-07
29.9	65.394	5.12603333333333E-07
30.0	65.494	5.25306666666667E-07
30.1	65.594	5.47663333333333E-07
30.2	65.694	5.63923333333333E-07
30.3	65.794	6.0315E-07
30.4	65.894	6.1782E-07
30.5	65.994	6.06673333333333E-07
30.6	66.094	6.35333333333333E-07
30.7	66.194	6.48783333333333E-07
30.8	66.294	6.8503E-07
30.9	66.394	6.86723333333333E-07
31.0	66.494	6.97833333333333E-07
31.1	66.594	6.9177E-07
31.2	66.694	7.1606E-07
31.3	66.794	7.74966666666667E-07
31.4	66.894	7.68296666666667E-07
31.5	66.994	8.07623333333333E-07
31.6	67.094	8.44716666666667E-07
31.7	67.194	8.0339E-07
31.8	67.294	7.90483333333333E-07
31.9	67.394	8.2314E-07
32.0	67.494	8.56776666666667E-07
32.1	67.594	9.17926666666667E-07
32.2	67.694	9.41093333333333E-07
32.3	67.794	9.4604E-07
32.4	67.894	9.50176666666667E-07
32.5	67.994	9.9839E-07
32.6	68.094	1.02166666666667E-06
32.7	68.194	1.0295E-06
32.8	68.294	1.08663333333333E-06
32.9	68.394	1.0336E-06
33.0	68.494	1.12906666666667E-06
33.1	68.594	1.12336666666667E-06
33.2	68.694	1.1945E-06
33.3	68.794	1.1904E-06
33.4	68.894	1.1922E-06
33.5	68.994	1.25823333333333E-06
33.6	69.094	1.3203E-06
33.7	69.194	1.32216666666667E-06
33.8	69.294	1.39933333333333E-06
33.9	69.394	1.49186666666667E-06
34.0	69.494	1.49436666666667E-06
34.1	69.594	1.48436666666667E-06
34.2	69.694	1.565E-06
34.3	69.794	1.47486666666667E-06
34.4	69.894	1.53813333333333E-06
34.5	69.994	1.5758E-06
34.6	70.094	1.68076666666667E-06
34.7	70.194	1.71673333333333E-06
34.8	70.294	1.77496666666667E-06
34.9	70.394	1.7396E-06
35.0	70.494	1.81776666666667E-06
35.1	70.594	1.83213333333333E-06
35.2	70.694	1.90323333333333E-06
35.3	70.794	1.98473333333333E-06
35.4	70.894	1.93213333333333E-06
35.5	70.994	2.04756666666667E-06
35.6	71.094	2.03943333333333E-06
35.7	71.194	2.0592E-06
35.8	71.294	2.0919E-06
35.9	71.394	2.18003333333333E-06
36.0	71.494	2.2677E-06
36.1	71.594	2.40533333333333E-06
36.2	71.694	2.40246666666667E-06
36.3	71.794	2.4203E-06
36.4	71.894	2.52956666666667E-06
36.5	71.994	2.46326666666667E-06
36.6	72.094	2.5634E-06
36.7	72.194	2.6454E-06
36.8	72.294	2.63416666666667E-06
36.9	72.394	2.76933333333333E-06
37.0	72.494	2.9139E-06
37.1	72.594	2.8794E-06
37.2	72.694	2.9838E-06
37.3	72.794	3.03106666666667E-06
37.4	72.894	3.10463333333333E-06
37.5	72.994	3.145E-06
37.6	73.094	3.8994E-06
37.7	73.194	3.9004E-06
37.8	73.294	3.97053333333333E-06
37.9	73.394	4.03863333333333E-06
38.0	73.494	4.22423333333333E-06
38.1	73.594	4.3533E-06
38.2	73.694	4.542E-06
38.3	73.794	4.59923333333333E-06
38.4	73.894	4.439E-06
38.5	73.994	4.62193333333333E-06
38.6	74.094	4.90583333333333E-06
38.7	74.194	4.84416666666667E-06
38.8	74.294	5.07723333333333E-06
38.9	74.394	4.91226666666667E-06
39.0	74.494	5.01523333333333E-06
39.1	74.594	5.2883E-06
39.2	74.694	5.31473333333333E-06
39.3	74.794	5.46373333333333E-06
39.4	74.894	5.52506666666667E-06
39.5	74.994	5.66056666666667E-06
39.6	75.094	5.83503333333333E-06
39.7	75.194	5.88923333333333E-06
39.8	75.294	5.80993333333333E-06
39.9	75.394	5.96716666666667E-06
40.0	75.494	6.36723333333333E-06
40.1	75.594	6.5474E-06
40.2	75.694	6.53013333333333E-06
40.3	75.794	6.68363333333333E-06
40.4	75.894	6.7964E-06
40.5	75.994	7.05083333333333E-06
40.6	76.094	7.13316666666667E-06
40.7	76.194	7.1562E-06
40.8	76.294	7.25236666666667E-06
40.9	76.394	7.46953333333333E-06
41.0	76.494	7.6013E-06
41.1	76.594	7.73986666666667E-06
41.2	76.694	7.89126666666667E-06
41.3	76.794	8.1111E-06
41.4	76.894	8.0976E-06
41.5	76.994	8.30896666666667E-06
41.6	77.094	8.3879E-06
41.7	77.194	8.498E-06
41.8	77.294	8.5722E-06
41.9	77.394	8.72056666666667E-06
42.0	77.494	8.88996666666667E-06
42.1	77.594	9.16263333333333E-06
42.2	77.694	9.14773333333333E-06
42.3	77.794	9.37673333333333E-06
42.4	77.894	9.42413333333333E-06
42.5	77.994	9.60266666666667E-06
42.6	78.094	1.01223333333333E-05
42.7	78.194	1.03886666666667E-05
42.8	78.294	1.02726666666667E-05
42.9	78.394	1.0441E-05
43.0	78.494	1.0572E-05
43.1	78.594	1.0687E-05
43.2	78.694	1.0809E-05
43.3	78.794	1.06793333333333E-05
43.4	78.894	1.09636666666667E-05
43.5	78.994	1.1232E-05
43.6	79.094	1.13826666666667E-05
43.7	79.194	1.16406666666667E-05
43.8	79.294	1.19156666666667E-05
43.9	79.394	1.18153333333333E-05
44.0	79.494	1.2328E-05
44.1	79.594	1.25876666666667E-05
44.2	79.694	1.2556E-05
44.3	79.794	1.2777E-05
44.4	79.894	1.28456666666667E-05
44.5	79.994	1.31126666666667E-05
44.6	80.094	1.30626666666667E-05
44.7	80.194	1.3528E-05
44.8	80.294	1.3869E-05
44.9	80.394	1.3995E-05
45.0	80.494	1.3839E-05
45.1	80.594	1.44003333333333E-05
45.2	80.694	1.47143333333333E-05
45.3	80.794	1.49003333333333E-05
45.4	80.894	1.5316E-05
45.5	80.994	1.574E-05
45.6	81.094	1.5909E-05
45.7	81.194	1.58733333333333E-05
45.8	81.294	1.5982E-05
45.9	81.394	1.61036666666667E-05
46.0	81.494	1.67246666666667E-05
46.1	81.594	1.66993333333333E-05
46.2	81.694	1.7073E-05
46.3	81.794	1.72923333333333E-05
46.4	81.894	1.75166666666667E-05
46.5	81.994	1.7744E-05
46.6	82.094	1.79606666666667E-05
46.7	82.194	1.7949E-05
46.8	82.294	1.83173333333333E-05
46.9	82.394	1.95046666666667E-05
47.0	82.494	1.8469E-05
47.1	82.594	1.92393333333333E-05
47.2	82.694	1.92473333333333E-05
47.3	82.794	2.0382E-05
47.4	82.894	1.99846666666667E-05
47.5	82.994	2.0571E-05
47.6	83.094	2.08496666666667E-05
47.7	83.194	2.0758E-05
47.8	83.294	2.04166666666667E-05
47.9	83.394	2.0967E-05
48.0	83.494	2.12896666666667E-05
48.1	83.594	2.15413333333333E-05
48.2	83.694	2.15223333333333E-05
48.3	83.794	2.21846666666667E-05
48.4	83.894	2.22246666666667E-05
48.5	83.994	2.19506666666667E-05
48.6	84.094	2.27423333333333E-05
48.7	84.194	2.37426666666667E-05
48.8	84.294	2.36913333333333E-05
48.9	84.394	2.34146666666667E-05
49.0	84.494	2.3963E-05
49.1	84.594	2.4573E-05
49.2	84.694	2.44933333333333E-05
49.3	84.794	2.4381E-05
49.4	84.894	2.59196666666667E-05
49.5	84.994	2.6563E-05
49.6	85.094	2.60143333333333E-05
49.7	85.194	2.61973333333333E-05
49.8	85.294	2.67473333333333E-05
49.9	85.394	2.68436666666667E-05
50.0	85.494	2.70296666666667E-05
50.1	85.594	2.75666666666667E-05
50.2	85.694	2.75826666666667E-05
50.3	85.794	2.81036666666667E-05
50.4	85.894	2.846E-05
50.5	85.994	2.8866E-05
50.6	86.094	2.9027E-05
50.7	86.194	2.91263333333333E-05
50.8	86.294	2.9863E-05
50.9	86.394	2.98153333333333E-05
51.0	86.494	3.03396666666667E-05
51.1	86.594	3.0599E-05
51.2	86.694	3.15993333333333E-05
51.3	86.794	3.24863333333333E-05
51.4	86.894	3.23033333333333E-05
51.5	86.994	3.24253333333333E-05
51.6	87.094	3.9793E-05
51.7	87.194	3.9915E-05
51.8	87.294	4.03386666666667E-05
51.9	87.394	4.08333333333333E-05
52.0	87.494	3.99593333333333E-05
52.1	87.594	4.1138E-05
52.2	87.694	4.1345E-05
52.3	87.794	4.295E-05
52.4	87.894	4.3411E-05
52.5	87.994	4.28146666666667E-05
52.6	88.094	4.36043333333333E-05
52.7	88.194	4.3814E-05
52.8	88.294	4.47016666666667E-05
52.9	88.394	4.5193E-05
53.0	88.494	4.52776666666667E-05
53.1	88.594	4.62536666666667E-05
53.2	88.694	4.67446666666667E-05
53.3	88.794	4.64496666666667E-05
53.4	88.894	4.71376666666667E-05
53.5	88.994	4.85973333333333E-05
53.6	89.094	4.78216666666667E-05
53.7	89.194	4.7981E-05
53.8	89.294	4.916E-05
53.9	89.394	4.86313333333333E-05
54.0	89.494	4.87536666666667E-05
54.1	89.594	4.94173333333333E-05
54.2	89.694	4.98136666666667E-05
54.3	89.794	5.04643333333333E-05
54.4	89.894	5.10603333333333E-05
54.5	89.994	5.12466666666667E-05
54.6	90.094	5.12126666666667E-05
54.7	90.194	5.2317E-05
54.8	90.294	5.32013333333333E-05
54.9	90.394	5.22593333333333E-05
55.0	90.494	5.3696E-05
55.1	90.594	5.48406666666667E-05
55.2	90.694	5.55763333333333E-05
55.3	90.794	5.5454E-05
55.4	90.894	5.53693333333333E-05
55.5	90.994	5.6623E-05
55.6	91.094	5.66836666666667E-05
55.7	91.194	5.73443333333333E-05
55.8	91.294	5.74966666666667E-05
55.9	91.394	5.80656666666667E-05
56.0	91.494	5.85363333333333E-05
56.1	91.594	5.855E-05
56.2	91.694	5.95326666666667E-05
56.3	91.794	6.00103333333333E-05
56.4	91.894	6.06606666666667E-05
56.5	91.994	6.147E-05
56.6	92.094	6.123E-05
56.7	92.194	6.20293333333333E-05
56.8	92.294	6.17006666666667E-05
56.9	92.394	6.3313E-05
57.0	92.494	6.3408E-05
57.1	92.594	6.42616666666667E-05
57.2	92.694	6.49323333333333E-05
57.3	92.794	6.5173E-05
57.4	92.894	6.55013333333333E-05
57.5	92.994	6.5051E-05
57.6	93.094	6.5698E-05
57.7	93.194	6.68936666666667E-05
57.8	93.294	6.64363333333333E-05
57.9	93.394	6.6958E-05
58.0	93.494	6.69783333333333E-05
58.1	93.594	6.77233333333333E-05
58.2	93.694	6.79E-05
58.3	93.794	6.90416666666667E-05
58.4	93.894	6.9109E-05
58.5	93.994	7.0644E-05
58.6	94.094	6.9421E-05
58.7	94.194	7.03356666666667E-05
58.8	94.294	7.08266666666667E-05
58.9	94.394	7.1826E-05
59.0	94.494	7.16973333333333E-05
59.1	94.594	7.1887E-05
59.2	94.694	7.19986666666667E-05
59.3	94.794	7.30386666666667E-05
59.4	94.894	7.38313333333333E-05
59.5	94.994	7.2785E-05
59.6	95.094	7.3632E-05
59.7	95.194	7.3703E-05
59.8	95.294	7.46346666666667E-05
59.9	95.394	7.4563E-05
60.0	95.494	7.56843333333333E-05
60.1	95.594	7.67313333333333E-05
60.2	95.694	7.5769E-05
60.3	95.794	7.62776666666667E-05
60.4	95.894	7.59316666666667E-05
60.5	95.994	7.6362E-05
60.6	96.094	7.74866666666667E-05
60.7	96.194	7.81643333333333E-05
60.8	96.294	7.82556666666667E-05
60.9	96.394	7.86453333333333E-05
61.0	96.494	7.92446666666667E-05
61.1	96.594	7.9753E-05
61.2	96.694	8.0698E-05
61.3	96.794	8.05763333333333E-05
61.4	96.894	8.09726666666667E-05
61.5	96.994	8.1081E-05
61.6	97.094	8.08776666666667E-05
61.7	97.194	8.16736666666667E-05
61.8	97.294	8.22936666666667E-05
61.9	97.394	8.32356666666667E-05
62.0	97.494	8.40516666666667E-05
62.1	97.594	8.3625E-05
62.2	97.694	8.4936E-05
62.3	97.794	8.4804E-05
62.4	97.894	8.5295E-05
62.5	97.994	8.5915E-05
62.6	98.094	8.64196666666667E-05
62.7	98.194	8.63756666666667E-05
62.8	98.294	8.77306666666667E-05
62.9	98.394	8.78086666666667E-05
63.0	98.494	8.6962E-05
63.1	98.594	8.7839E-05
63.2	98.694	8.8632E-05
63.3	98.794	8.87906666666667E-05
63.4	98.894	8.9123E-05
63.5	98.994	8.9601E-05
63.6	99.094	8.87673333333333E-05
63.7	99.194	8.94383333333333E-05
63.8	99.294	8.95193333333333E-05
63.9	99.394	9.04306666666667E-05
64.0	99.494	9.06233333333333E-05
64.1	99.594	9.06233333333333E-05
64.2	99.694	9.15416666666667E-05
64.3	99.794	9.07626666666667E-05
64.4	99.894	9.13586666666667E-05
64.5	99.994	9.2412E-05
64.6	100.094	9.23853333333333E-05
64.7	100.194	9.24053333333333E-05
64.8	100.294	9.21923333333333E-05
64.9	100.394	9.28356666666667E-05
65.0	100.494	9.34656666666667E-05
65.1	100.594	9.3632E-05
65.2	100.694	9.37846666666667E-05
65.3	100.794	9.43126666666667E-05
65.4	100.894	9.39366666666667E-05
65.5	100.994	9.47666666666667E-05
65.6	101.094	9.52206666666667E-05
65.7	101.194	9.5156E-05
65.8	101.294	9.57693333333333E-05
65.9	101.394	9.6257E-05
66.0	101.494	9.64573333333333E-05
66.1	101.594	9.64233333333333E-05
66.2	101.694	9.68803333333333E-05
66.3	101.794	9.69683333333333E-05
66.4	101.894	9.7504E-05
66.5	101.994	9.76833333333333E-05
66.6	102.094	9.8994E-05
66.7	102.194	9.88726666666667E-05
66.8	102.294	9.9323E-05
66.9	102.394	9.90316666666667E-05
67.0	102.494	9.90656666666667E-05
67.1	102.594	9.955E-05
67.2	102.694	9.9279E-05
67.3	102.794	9.98686666666667E-05
67.4	102.894	0.000100703333333333
67.5	102.994	0.000100926666666667
67.6	103.094	0.000100453333333333
67.7	103.194	0.00010084
67.8	103.294	0.000100376666666667
67.9	103.394	0.000100746666666667
68.0	103.494	0.000101096666666667
68.1	103.594	0.00010139
68.2	103.694	0.000101153333333333
68.3	103.794	0.00010124
68.4	103.894	0.000100903333333333
68.5	103.994	0.00010083
68.6	104.094	0.000101686666666667
68.7	104.194	0.00010178
68.8	104.294	0.000101616666666667
68.9	104.394	0.00010194
69.0	104.494	0.000101506666666667
69.1	104.594	0.000101943333333333
69.2	104.694	0.000101956666666667
69.3	104.794	0.000101946666666667
69.4	104.894	0.000102143333333333
69.5	104.994	0.000102336666666667
69.6	105.094	0.000102356666666667
69.7	105.194	0.000103066666666667
69.8	105.294	0.00010299
69.9	105.394	0.000103303333333333
70.0	105.494	0.00010422
70.1	105.594	0.000103253333333333
70.2	105.694	0.000103646666666667
70.3	105.794	0.000103553333333333
70.4	105.894	0.000103533333333333
70.5	105.994	0.000103763333333333
70.6	106.094	0.000103873333333333
70.7	106.194	0.000104033333333333
70.8	106.294	0.000104056666666667
70.9	106.394	0.000104223333333333
71.0	106.494	0.000104496666666667
71.1	106.594	0.000104686666666667
71.2	106.694	0.000105303333333333
71.3	106.794	0.00010516
71.4	106.894	0.00010582
71.5	106.994	0.000105843333333333
71.6	107.094	0.00010568
71.7	107.194	0.000105136666666667
71.8	107.294	0.000105796666666667
71.9	107.394	0.000105953333333333
72.0	107.494	0.000105913333333333
72.1	107.594	0.000105926666666667
72.2	107.694	0.00010607
72.3	107.794	0.000106086666666667
72.4	107.894	0.000106403333333333
72.5	107.994	0.000106703333333333
72.6	108.094	0.00010618
72.7	108.194	0.000106236666666667
72.8	108.294	0.000106266666666667
72.9	108.394	0.00010652
73.0	108.494	0.0001066
73.1	108.594	0.000106883333333333
73.2	108.694	0.00010653
73.3	108.794	0.00010624
73.4	108.894	0.000107053333333333
73.5	108.994	0.000106023333333333
73.6	109.094	0.000106433333333333
73.7	109.194	0.00010674
73.8	109.294	0.000106956666666667
73.9	109.394	0.000106703333333333
74.0	109.494	0.000106113333333333
74.1	109.594	0.000106446666666667
74.2	109.694	0.000106403333333333
74.3	109.794	0.00010671
74.4	109.894	0.000106563333333333
74.5	109.994	0.00010631
74.6	110.094	0.0001062
74.7	110.194	0.000106273333333333
74.8	110.294	0.00010633
74.9	110.394	0.00010625
75.0	110.494	0.000106733333333333
75.1	110.594	0.00010657
75.2	110.694	0.000106176666666667
75.3	110.794	0.000106156666666667
75.4	110.894	0.000106223333333333
75.5	110.994	0.000106303333333333
75.6	111.094	0.000106273333333333
75.7	111.194	0.000106186666666667
75.8	111.294	0.000106326666666667
75.9	111.394	0.000106106666666667
76.0	111.494	0.000105963333333333
76.1	111.594	0.0001062
76.2	111.694	0.00010639
76.3	111.794	0.000106116666666667
76.4	111.894	0.00010591
76.5	111.994	0.00010573
76.6	112.094	0.000105906666666667
76.7	112.194	0.000105566666666667
76.8	112.294	0.000105243333333333
76.9	112.394	0.000105416666666667
77.0	112.494	0.000105313333333333
77.1	112.594	0.000105393333333333
77.2	112.694	0.00010505
77.3	112.794	0.000105256666666667
77.4	112.894	0.000105233333333333
77.5	112.994	0.000105043333333333
77.6	113.094	0.000104863333333333
77.7	113.194	0.000105013333333333
77.8	113.294	0.00010479
77.9	113.394	0.000104636666666667
78.0	113.494	0.000104433333333333
78.1	113.594	0.00010442
78.2	113.694	0.00010437
78.3	113.794	0.00010424
78.4	113.894	0.000104056666666667
78.5	113.994	0.000103986666666667
78.6	114.094	0.00010403
78.7	114.194	0.000103673333333333
78.8	114.294	0.000103573333333333
78.9	114.394	0.000103553333333333
79.0	114.494	0.000103476666666667
79.1	114.594	0.000103176666666667
79.2	114.694	0.000102923333333333
79.3	114.794	0.00010284
79.4	114.894	0.00010287
79.5	114.994	0.000102706666666667
79.6	115.094	0.000102533333333333
79.7	115.194	0.000102236666666667
79.8	115.294	0.00010197
79.9	115.394	0.000101813333333333
80.0	115.494	0.000101726666666667
80.1	115.594	0.000101483333333333
80.2	115.694	0.000101306666666667
80.3	115.794	0.000101036666666667
80.4	115.894	0.000100826666666667
80.5	115.994	0.000100703333333333
80.6	116.094	0.00010065
80.7	116.194	0.000100256666666667
80.8	116.294	0.000100116666666667
80.9	116.394	9.9797E-05
81.0	116.494	9.96413333333333E-05
81.1	116.594	9.94756666666667E-05
81.2	116.694	9.9252E-05
81.3	116.794	9.89906666666667E-05
81.4	116.894	9.89536666666667E-05
81.5	116.994	9.89366666666667E-05
81.6	117.094	9.8544E-05
81.7	117.194	9.8395E-05
81.8	117.294	9.8344E-05
81.9	117.394	9.8185E-05
82.0	117.494	9.82726666666667E-05
82.1	117.594	9.80763333333333E-05
82.2	117.694	9.8012E-05
82.3	117.794	9.79E-05
82.4	117.894	9.75446666666667E-05
82.5	117.994	9.74053333333333E-05
82.6	118.094	9.71683333333333E-05
82.7	118.194	9.6955E-05
82.8	118.294	9.67346666666667E-05
82.9	118.394	9.6359E-05
83.0	118.494	9.63353333333333E-05
83.1	118.594	9.61623333333333E-05
83.2	118.694	9.5895E-05
83.3	118.794	9.56406666666667E-05
83.4	118.894	9.56066666666667E-05
83.5	118.994	9.55186666666667E-05
83.6	119.094	9.538E-05
83.7	119.194	9.5214E-05
83.8	119.294	9.50953333333333E-05
83.9	119.394	9.50173333333333E-05
84.0	119.494	9.48206666666667E-05
84.1	119.594	9.4797E-05
84.2	119.694	9.45806666666667E-05
84.3	119.794	9.4421E-05
84.4	119.894	9.4208E-05
84.5	119.994	9.4106E-05
84.6	120.094	9.39806666666667E-05
84.7	120.194	9.38686666666667E-05
84.8	120.294	9.37133333333333E-05
84.9	120.394	9.35026666666667E-05
85.0	120.494	9.3364E-05
85.1	120.594	9.31336666666667E-05
85.2	120.694	9.29373333333333E-05
85.3	120.794	9.2785E-05
85.4	120.894	9.25243333333333E-05
85.5	120.994	9.24156666666667E-05
85.6	121.094	9.22023333333333E-05
85.7	121.194	9.20363333333333E-05
85.8	121.294	9.17856666666667E-05
85.9	121.394	9.15383333333333E-05
86.0	121.494	9.13486666666667E-05
86.1	121.594	9.11146666666667E-05
86.2	121.694	9.09316666666667E-05
86.3	121.794	9.07523333333333E-05
86.4	121.894	9.05593333333333E-05
86.5	121.994	9.0295E-05
86.6	122.094	9.0041E-05
86.7	122.194	8.98036666666667E-05
86.8	122.294	8.9553E-05
86.9	122.394	8.93566666666667E-05
87.0	122.494	8.9035E-05
87.1	122.594	8.87843333333333E-05
87.2	122.694	8.85913333333333E-05
87.3	122.794	8.82556666666667E-05
87.4	122.894	8.808E-05
87.5	122.994	8.78016666666667E-05
87.6	123.094	8.75106666666667E-05
87.7	123.194	8.72293333333333E-05
87.8	123.294	8.70023333333333E-05
87.9	123.394	8.6772E-05
88.0	123.494	8.6494E-05
88.1	123.594	8.62233333333333E-05
88.2	123.694	8.59556666666667E-05
88.3	123.794	8.57353333333333E-05
88.4	123.894	8.55256666666667E-05
88.5	123.994	8.52883333333333E-05
88.6	124.094	8.50243333333333E-05
88.7	124.194	8.4777E-05
88.8	124.294	8.457E-05
88.9	124.394	8.42756666666667E-05
89.0	124.494	8.4011E-05
89.1	124.594	8.38313333333333E-05
89.2	124.694	8.35603333333333E-05
89.3	124.794	8.33946666666667E-05
89.4	124.894	8.31273333333333E-05
89.5	124.994	8.28626666666667E-05
89.6	125.094	8.26696666666667E-05
89.7	125.194	8.23613333333333E-05
89.8	125.294	8.22023333333333E-05
89.9	125.394	8.19886666666667E-05
90.0	125.494	8.17246666666667E-05
90.1	125.594	8.14433333333333E-05
0	35.494	5.44853333333333E-08
0.1	35.594	5.43833333333333E-08
0.2	35.694	5.46746666666667E-08
0.3	35.794	5.47423333333333E-08
0.4	35.894	5.4922E-08
0.5	35.994	5.50876666666667E-08
0.6	36.094	5.5376E-08
0.7	36.194	5.54946666666667E-08
0.8	36.294	5.563E-08
0.9	36.394	5.5952E-08
1.0	36.494	5.62706666666667E-08
1.1	36.594	5.64126666666667E-08
1.2	36.694	5.63956666666667E-08
1.3	36.794	5.67006666666667E-08
1.4	36.894	5.69273333333333E-08
1.5	36.994	5.6982E-08
1.6	37.094	5.70396666666667E-08
1.7	37.194	5.72326666666667E-08
1.8	37.294	5.73546666666667E-08
1.9	37.394	5.7612E-08
2.0	37.494	5.77373333333333E-08
2.1	37.594	5.80013333333333E-08
2.2	37.694	5.82013333333333E-08
2.3	37.794	5.82993333333333E-08
2.4	37.894	5.85296666666667E-08
2.5	37.994	5.88653333333333E-08
2.6	38.094	5.90483333333333E-08
2.7	38.194	5.92716666666667E-08
2.8	38.294	5.93533333333333E-08
2.9	38.394	5.93293333333333E-08
3.0	38.494	5.96413333333333E-08
3.1	38.594	5.9773E-08
3.2	38.694	5.9939E-08
3.3	38.794	6.02063333333333E-08
3.4	38.894	6.0342E-08
3.5	38.994	6.04103333333333E-08
3.6	39.094	6.06233333333333E-08
3.7	39.194	6.1216E-08
3.8	39.294	6.1335E-08
3.9	39.394	6.13346666666667E-08
4.0	39.494	6.1562E-08
4.1	39.594	6.17953333333333E-08
4.2	39.694	6.18936666666667E-08
4.3	39.794	6.21713333333333E-08
4.4	39.894	6.2277E-08
4.5	39.994	6.24323333333333E-08
4.6	40.094	6.2714E-08
4.7	40.194	6.3005E-08
4.8	40.294	6.3049E-08
4.9	40.394	6.33876666666667E-08
5.0	40.494	6.33606666666667E-08
5.1	40.594	6.3486E-08
5.2	40.694	6.37736666666667E-08
5.3	40.794	6.39263333333333E-08
5.4	40.894	6.40956666666667E-08
5.5	40.994	6.42786666666667E-08
5.6	41.094	6.45663333333333E-08
5.7	41.194	6.46376666666667E-08
5.8	41.294	6.51016666666667E-08
5.9	41.394	6.50953333333333E-08
6.0	41.494	6.54913333333333E-08
6.1	41.594	6.54473333333333E-08
6.2	41.694	6.55896666666667E-08
6.3	41.794	6.5847E-08
6.4	41.894	6.6091E-08
6.5	41.994	6.60736666666667E-08
6.6	42.094	6.62943333333333E-08
6.7	42.194	6.646E-08
6.8	42.294	6.65926666666667E-08
6.9	42.394	6.66466666666667E-08
7.0	42.494	6.68023333333333E-08
7.1	42.594	6.7043E-08
7.2	42.694	6.7419E-08
7.3	42.794	6.75543333333333E-08
7.4	42.894	6.76083333333333E-08
7.5	42.994	6.7771E-08
7.6	43.094	6.77606666666667E-08
7.7	43.194	6.78626666666667E-08
7.8	43.294	6.81066666666667E-08
7.9	43.394	6.84483333333333E-08
8.0	43.494	6.83743333333333E-08
8.1	43.594	6.84823333333333E-08
8.2	43.694	6.8689E-08
8.3	43.794	6.89703333333333E-08
8.4	43.894	6.90756666666667E-08
8.5	43.994	6.9153E-08
8.6	44.094	6.94173333333333E-08
8.7	44.194	6.94613333333333E-08
8.8	44.294	6.97193333333333E-08
8.9	44.394	6.99766666666667E-08
9.0	44.494	7.01963333333333E-08
9.1	44.594	7.04236666666667E-08
9.2	44.694	7.06506666666667E-08
9.3	44.794	7.07453333333333E-08
9.4	44.894	7.08573333333333E-08
9.5	44.994	7.12606666666667E-08
9.6	45.094	7.15176666666667E-08
9.7	45.194	7.13786666666667E-08
9.8	45.294	7.17346666666667E-08
9.9	45.394	7.19143333333333E-08
10.0	45.494	7.1965E-08
10.1	45.594	7.22936666666667E-08
10.2	45.694	7.26116666666667E-08
10.3	45.794	7.24966666666667E-08
10.4	45.894	7.28426666666667E-08
10.5	45.994	7.31876666666667E-08
10.6	46.094	7.32723333333333E-08
10.7	46.194	7.3628E-08
10.8	46.294	7.38553333333333E-08
10.9	46.394	7.41636666666667E-08
11.0	46.494	7.42546666666667E-08
11.1	46.594	7.4465E-08
11.2	46.694	7.50036666666667E-08
11.3	46.794	7.5041E-08
11.4	46.894	7.53456666666667E-08
11.5	46.994	7.55116666666667E-08
11.6	47.094	7.5759E-08
11.7	47.194	7.58776666666667E-08
11.8	47.294	7.604E-08
11.9	47.394	7.61586666666667E-08
12.0	47.494	7.61856666666667E-08
12.1	47.594	7.65146666666667E-08
12.2	47.694	7.65413333333333E-08
12.3	47.794	7.69853333333333E-08
12.4	47.894	7.70123333333333E-08
12.5	47.994	7.73003333333333E-08
12.6	48.094	7.7568E-08
12.7	48.194	7.76796666666667E-08
12.8	48.294	7.79306666666667E-08
12.9	48.394	7.7924E-08
13.0	48.494	7.8266E-08
13.1	48.594	7.87706666666667E-08
13.2	48.694	7.89296666666667E-08
13.3	48.794	7.88926666666667E-08
13.4	48.894	7.9279E-08
13.5	48.994	7.98236666666667E-08
13.6	49.094	8.0068E-08
13.7	49.194	7.99903333333333E-08
13.8	49.294	8.03556666666667E-08
13.9	49.394	8.07353333333333E-08
14.0	49.494	8.09456666666667E-08
14.1	49.594	8.1054E-08
14.2	49.694	8.1372E-08
14.3	49.794	8.15046666666667E-08
14.4	49.894	8.15993333333333E-08
14.5	49.994	8.22053333333333E-08
14.6	50.094	8.26796666666667E-08
14.7	50.194	8.28116666666667E-08
14.8	50.294	8.28526666666667E-08
14.9	50.394	8.3479E-08
15.0	50.494	8.38686666666667E-08
15.1	50.594	8.43093333333333E-08
15.2	50.694	8.4272E-08
15.3	50.794	8.4787E-08
15.4	50.894	8.50816666666667E-08
15.5	50.994	8.55556666666667E-08
15.6	51.094	8.55253333333333E-08
15.7	51.194	8.62266666666667E-08
15.8	51.294	8.5986E-08
15.9	51.394	8.69686666666667E-08
16.0	51.494	8.71886666666667E-08
16.1	51.594	8.7409E-08
16.2	51.694	8.76866666666667E-08
16.3	51.794	8.80083333333333E-08
16.4	51.894	8.8283E-08
16.5	51.994	8.8425E-08
16.6	52.094	8.8747E-08
16.7	52.194	8.9289E-08
16.8	52.294	8.9509E-08
16.9	52.394	8.95766666666667E-08
17.0	52.494	9.00376666666667E-08
17.1	52.594	9.06643333333333E-08
17.2	52.694	9.09693333333333E-08
17.3	52.794	9.1132E-08
17.4	52.894	9.16466666666667E-08
17.5	52.994	9.18293333333333E-08
17.6	53.094	9.2199E-08
17.7	53.194	9.28053333333333E-08
17.8	53.294	9.2934E-08
17.9	53.394	9.38013333333333E-08
18.0	53.494	9.35773333333333E-08
18.1	53.594	9.38316666666667E-08
18.2	53.694	9.4106E-08
18.3	53.794	9.5285E-08
18.4	53.894	9.59253333333333E-08
18.5	53.994	9.6301E-08
18.6	54.094	9.66736666666667E-08
18.7	54.194	9.65416666666667E-08
18.8	54.294	9.71446666666667E-08
18.9	54.394	9.73616666666667E-08
19.0	54.494	9.89606666666667E-08
19.1	54.594	9.88113333333333E-08
19.2	54.694	9.86353333333333E-08
19.3	54.794	9.88386666666667E-08
19.4	54.894	9.9733E-08
19.5	54.994	9.99053333333333E-08
19.6	55.094	1.0065E-07
19.7	55.194	1.01363333333333E-07
19.8	55.294	1.0171E-07
19.9	55.394	1.01943333333333E-07
20.0	55.494	1.02596666666667E-07
20.1	55.594	1.02863333333333E-07
20.2	55.694	1.03853333333333E-07
20.3	55.794	1.03896666666667E-07
20.4	55.894	1.0501E-07
20.5	55.994	1.05556666666667E-07
20.6	56.094	1.0581E-07
20.7	56.194	1.06976666666667E-07
20.8	56.294	1.0861E-07
20.9	56.394	1.088E-07
21.0	56.494	1.08833333333333E-07
21.1	56.594	1.09083333333333E-07
21.2	56.694	1.10133333333333E-07
21.3	56.794	1.11836666666667E-07
21.4	56.894	1.12273333333333E-07
21.5	56.994	1.1304E-07
21.6	57.094	1.1326E-07
21.7	57.194	1.14383333333333E-07
21.8	57.294	1.15036666666667E-07
21.9	57.394	1.1544E-07
22.0	57.494	1.16466666666667E-07
22.1	57.594	1.17753333333333E-07
22.2	57.694	1.18333333333333E-07
22.3	57.794	1.19863333333333E-07
22.4	57.894	1.20543333333333E-07
22.5	57.994	1.20956666666667E-07
22.6	58.094	1.21496666666667E-07
22.7	58.194	1.2196E-07
22.8	58.294	1.25116666666667E-07
22.9	58.394	1.26546666666667E-07
23.0	58.494	1.29996666666667E-07
23.1	58.594	1.2747E-07
23.2	58.694	1.29446666666667E-07
23.3	58.794	1.32163333333333E-07
23.4	58.894	1.32026666666667E-07
23.5	58.994	1.33493333333333E-07
23.6	59.094	1.33696666666667E-07
23.7	59.194	1.38173333333333E-07
23.8	59.294	1.35916666666667E-07
23.9	59.394	1.4445E-07
24.0	59.494	1.44963333333333E-07
24.1	59.594	1.46556666666667E-07
24.2	59.694	1.44866666666667E-07
24.3	59.794	1.4658E-07
24.4	59.894	1.48996666666667E-07
24.5	59.994	1.51496666666667E-07
24.6	60.094	1.5441E-07
24.7	60.194	1.55233333333333E-07
24.8	60.294	1.5751E-07
24.9	60.394	1.6049E-07
25.0	60.494	1.68566666666667E-07
25.1	60.594	1.6877E-07
25.2	60.694	1.73273333333333E-07
25.3	60.794	1.69553333333333E-07
25.4	60.894	1.785E-07
25.5	60.994	1.8179E-07
25.6	61.094	1.87433333333333E-07
25.7	61.194	1.8887E-07
25.8	61.294	1.87966666666667E-07
25.9	61.394	1.9047E-07
26.0	61.494	1.941E-07
26.1	61.594	1.9372E-07
26.2	61.694	2.00696666666667E-07
26.3	61.794	2.058E-07
26.4	61.894	2.0897E-07
26.5	61.994	2.17533333333333E-07
26.6	62.094	2.16126666666667E-07
26.7	62.194	2.23536666666667E-07
26.8	62.294	2.26083333333333E-07
26.9	62.394	2.35766666666667E-07
27.0	62.494	2.48796666666667E-07
27.1	62.594	2.514E-07
27.2	62.694	2.4505E-07
27.3	62.794	2.5842E-07
27.4	62.894	2.64273333333333E-07
27.5	62.994	2.67853333333333E-07
27.6	63.094	2.69916666666667E-07
27.7	63.194	2.75893333333333E-07
27.8	63.294	2.8672E-07
27.9	63.394	2.87226666666667E-07
28.0	63.494	2.966E-07
28.1	63.594	3.1291E-07
28.2	63.694	3.1652E-07
28.3	63.794	3.2158E-07
28.4	63.894	3.96746666666667E-07
28.5	63.994	4.0037E-07
28.6	64.094	4.06163333333333E-07
28.7	64.194	4.17853333333333E-07
28.8	64.294	4.37973333333333E-07
28.9	64.394	4.39023333333333E-07
29.0	64.494	4.80523333333333E-07
29.1	64.594	4.46273333333333E-07
29.2	64.694	4.6328E-07
29.3	64.794	4.82523333333333E-07
29.4	64.894	4.7744E-07
29.5	64.994	4.82486666666667E-07
29.6	65.094	4.9624E-07
29.7	65.194	5.32996666666667E-07
29.8	65.294	5.29673333333333E-07
29.9	65.394	5.53966666666667E-07
30.0	65.494	5.58296666666667E-07
30.1	65.594	5.687E-07
30.2	65.694	6.23136666666667E-07
30.3	65.794	6.27506666666667E-07
30.4	65.894	6.16463333333333E-07
30.5	65.994	6.40446666666667E-07
30.6	66.094	6.541E-07
30.7	66.194	6.74053333333333E-07
30.8	66.294	6.88993333333333E-07
30.9	66.394	6.9248E-07
31.0	66.494	7.04336666666667E-07
31.1	66.594	7.476E-07
31.2	66.694	7.66603333333333E-07
31.3	66.794	7.7964E-07
31.4	66.894	7.90486666666667E-07
31.5	66.994	8.3561E-07
31.6	67.094	8.2883E-07
31.7	67.194	8.45703333333333E-07
31.8	67.294	8.79236666666667E-07
31.9	67.394	9.17043333333333E-07
32.0	67.494	8.9875E-07
32.1	67.594	9.5434E-07
32.2	67.694	9.5E-07
32.3	67.794	9.73513333333333E-07
32.4	67.894	1.0315E-06
32.5	67.994	1.0394E-06
32.6	68.094	1.0513E-06
32.7	68.194	1.07733333333333E-06
32.8	68.294	1.08783333333333E-06
32.9	68.394	1.1495E-06
33.0	68.494	1.14756666666667E-06
33.1	68.594	1.17516666666667E-06
33.2	68.694	1.22416666666667E-06
33.3	68.794	1.22116666666667E-06
33.4	68.894	1.23633333333333E-06
33.5	68.994	1.32386666666667E-06
33.6	69.094	1.2698E-06
33.7	69.194	1.3158E-06
33.8	69.294	1.39903333333333E-06
33.9	69.394	1.37333333333333E-06
34.0	69.494	1.4432E-06
34.1	69.594	1.43766666666667E-06
34.2	69.694	1.48976666666667E-06
34.3	69.794	1.52843333333333E-06
34.4	69.894	1.62246666666667E-06
34.5	69.994	1.62216666666667E-06
34.6	70.094	1.63636666666667E-06
34.7	70.194	1.70583333333333E-06
34.8	70.294	1.73106666666667E-06
34.9	70.394	1.7259E-06
35.0	70.494	1.78786666666667E-06
35.1	70.594	1.79816666666667E-06
35.2	70.694	1.8554E-06
35.3	70.794	1.9172E-06
35.4	70.894	1.97403333333333E-06
35.5	70.994	2.0497E-06
35.6	71.094	2.09253333333333E-06
35.7	71.194	2.23263333333333E-06
35.8	71.294	2.18116666666667E-06
35.9	71.394	2.22156666666667E-06
36.0	71.494	2.30013333333333E-06
36.1	71.594	2.30556666666667E-06
36.2	71.694	2.39986666666667E-06
36.3	71.794	2.44943333333333E-06
36.4	71.894	2.4959E-06
36.5	71.994	2.5127E-06
36.6	72.094	2.62703333333333E-06
36.7	72.194	2.68783333333333E-06
36.8	72.294	2.73883333333333E-06
36.9	72.394	2.87986666666667E-06
37.0	72.494	2.8246E-06
37.1	72.594	2.861E-06
37.2	72.694	2.92913333333333E-06
37.3	72.794	3.03943333333333E-06
37.4	72.894	3.10736666666667E-06
37.5	72.994	3.11313333333333E-06
37.6	73.094	3.1713E-06
37.7	73.194	3.90276666666667E-06
37.8	73.294	4.0237E-06
37.9	73.394	4.1382E-06
38.0	73.494	4.1409E-06
38.1	73.594	4.26556666666667E-06
38.2	73.694	4.43186666666667E-06
38.3	73.794	4.4746E-06
38.4	73.894	4.43733333333333E-06
38.5	73.994	4.75983333333333E-06
38.6	74.094	4.71983333333333E-06
38.7	74.194	4.90616666666667E-06
38.8	74.294	4.83773333333333E-06
38.9	74.394	4.96783333333333E-06
39.0	74.494	5.17986666666667E-06
39.1	74.594	5.1846E-06
39.2	74.694	5.2419E-06
39.3	74.794	5.33026666666667E-06
39.4	74.894	5.49966666666667E-06
39.5	74.994	5.6304E-06
39.6	75.094	5.7717E-06
39.7	75.194	5.854E-06
39.8	75.294	6.1182E-06
39.9	75.394	6.42006666666667E-06
40.0	75.494	6.27846666666667E-06
40.1	75.594	6.30116666666667E-06
40.2	75.694	6.34216666666667E-06
40.3	75.794	6.55353333333333E-06
40.4	75.894	6.64466666666667E-06
40.5	75.994	6.5942E-06
40.6	76.094	6.82823333333333E-06
40.7	76.194	6.98953333333333E-06
40.8	76.294	7.2168E-06
40.9	76.394	7.18733333333333E-06
41.0	76.494	7.43496666666667E-06
41.1	76.594	7.68193333333333E-06
41.2	76.694	7.7422E-06
41.3	76.794	7.80863333333333E-06
41.4	76.894	7.9655E-06
41.5	76.994	7.98443333333333E-06
41.6	77.094	8.07486666666667E-06
41.7	77.194	8.41026666666667E-06
41.8	77.294	8.51903333333333E-06
41.9	77.394	8.69243333333333E-06
42.0	77.494	8.86556666666667E-06
42.1	77.594	9.16333333333333E-06
42.2	77.694	9.49323333333333E-06
42.3	77.794	9.36893333333333E-06
42.4	77.894	9.19513333333333E-06
42.5	77.994	9.79883333333333E-06
42.6	78.094	9.7778E-06
42.7	78.194	9.5173E-06
42.8	78.294	1.00109E-05
42.9	78.394	1.0149E-05
43.0	78.494	1.0542E-05
43.1	78.594	1.03933333333333E-05
43.2	78.694	1.05916666666667E-05
43.3	78.794	1.08743333333333E-05
43.4	78.894	1.10073333333333E-05
43.5	78.994	1.1012E-05
43.6	79.094	1.1335E-05
43.7	79.194	1.14823333333333E-05
43.8	79.294	1.14156666666667E-05
43.9	79.394	1.1871E-05
44.0	79.494	1.19203333333333E-05
44.1	79.594	1.2387E-05
44.2	79.694	1.23783333333333E-05
44.3	79.794	1.26606666666667E-05
44.4	79.894	1.26096666666667E-05
44.5	79.994	1.29976666666667E-05
44.6	80.094	1.32163333333333E-05
44.7	80.194	1.38756666666667E-05
44.8	80.294	1.36383333333333E-05
44.9	80.394	1.3669E-05
45.0	80.494	1.3912E-05
45.1	80.594	1.41913333333333E-05
45.2	80.694	1.436E-05
45.3	80.794	1.48933333333333E-05
45.4	80.894	1.45806666666667E-05
45.5	80.994	1.52463333333333E-05
45.6	81.094	1.55226666666667E-05
45.7	81.194	1.5666E-05
45.8	81.294	1.57803333333333E-05
45.9	81.394	1.61256666666667E-05
46.0	81.494	1.61923333333333E-05
46.1	81.594	1.68936666666667E-05
46.2	81.694	1.69636666666667E-05
46.3	81.794	1.69563333333333E-05
46.4	81.894	1.72593333333333E-05
46.5	81.994	1.7452E-05
46.6	82.094	1.77536666666667E-05
46.7	82.194	1.79653333333333E-05
46.8	82.294	1.82953333333333E-05
46.9	82.394	1.83573333333333E-05
47.0	82.494	1.81823333333333E-05
47.1	82.594	1.8768E-05
47.2	82.694	1.88503333333333E-05
47.3	82.794	1.97256666666667E-05
47.4	82.894	1.941E-05
47.5	82.994	2.0315E-05
47.6	83.094	1.985E-05
47.7	83.194	1.9786E-05
47.8	83.294	1.99176666666667E-05
47.9	83.394	2.11883333333333E-05
48.0	83.494	2.15306666666667E-05
48.1	83.594	2.1716E-05
48.2	83.694	2.1198E-05
48.3	83.794	2.153E-05
48.4	83.894	2.18496666666667E-05
48.5	83.994	2.24243333333333E-05
48.6	84.094	2.22903333333333E-05
48.7	84.194	2.26193333333333E-05
48.8	84.294	2.28833333333333E-05
48.9	84.394	2.2844E-05
49.0	84.494	2.355E-05
49.1	84.594	2.38036666666667E-05
49.2	84.694	2.36983333333333E-05
49.3	84.794	2.4463E-05
49.4	84.894	2.41333333333333E-05
49.5	84.994	2.4748E-05
49.6	85.094	2.48996666666667E-05
49.7	85.194	2.60943333333333E-05
49.8	85.294	2.63606666666667E-05
49.9	85.394	2.59173333333333E-05
50.0	85.494	2.5716E-05
50.1	85.594	2.70186666666667E-05
50.2	85.694	2.7434E-05
50.3	85.794	2.75133333333333E-05
50.4	85.894	2.7734E-05
50.5	85.994	2.80873333333333E-05
50.6	86.094	2.82053333333333E-05
50.7	86.194	2.8992E-05
50.8	86.294	2.90196666666667E-05
50.9	86.394	2.99653333333333E-05
51.0	86.494	2.98653333333333E-05
51.1	86.594	2.96266666666667E-05
51.2	86.694	3.01053333333333E-05
51.3	86.794	3.01456666666667E-05
51.4	86.894	3.12236666666667E-05
51.5	86.994	3.1971E-05
51.6	87.094	3.18546666666667E-05
51.7	87.194	3.22163333333333E-05
51.8	87.294	4.0339E-05
51.9	87.394	4.00983333333333E-05
52.0	87.494	4.00133333333333E-05
52.1	87.594	4.0149E-05
52.2	87.694	4.0847E-05
52.3	87.794	4.1375E-05
52.4	87.894	4.10973333333333E-05
52.5	87.994	4.10226666666667E-05
52.6	88.094	4.17613333333333E-05
52.7	88.194	4.292E-05
52.8	88.294	4.34316666666667E-05
52.9	88.394	4.38513333333333E-05
53.0	88.494	4.43496666666667E-05
53.1	88.594	4.4292E-05
53.2	88.694	4.5847E-05
53.3	88.794	4.5291E-05
53.4	88.894	4.59586666666667E-05
53.5	88.994	4.6162E-05
53.6	89.094	4.64226666666667E-05
53.7	89.194	4.57416666666667E-05
53.8	89.294	4.70563333333333E-05
53.9	89.394	4.76016666666667E-05
54.0	89.494	4.8269E-05
54.1	89.594	4.9536E-05
54.2	89.694	4.90923333333333E-05
54.3	89.794	4.90956666666667E-05
54.4	89.894	4.89093333333333E-05
54.5	89.994	5.00876666666667E-05
54.6	90.094	5.0288E-05
54.7	90.194	5.1138E-05
54.8	90.294	5.13786666666667E-05
54.9	90.394	5.25713333333333E-05
55.0	90.494	5.24186666666667E-05
55.1	90.594	5.32013333333333E-05
55.2	90.694	5.4082E-05
55.3	90.794	5.44106666666667E-05
55.4	90.894	5.43123333333333E-05
55.5	90.994	5.4204E-05
55.6	91.094	5.55653333333333E-05
55.7	91.194	5.53763333333333E-05
55.8	91.294	5.5952E-05
55.9	91.394	5.63993333333333E-05
56.0	91.494	5.7351E-05
56.1	91.594	5.73983333333333E-05
56.2	91.694	5.8191E-05
56.3	91.794	5.84113333333333E-05
56.4	91.894	5.94443333333333E-05
56.5	91.994	5.96206666666667E-05
56.6	92.094	5.96646666666667E-05
56.7	92.194	6.05626666666667E-05
56.8	92.294	6.07996666666667E-05
56.9	92.394	6.1233E-05
57.0	92.494	6.1968E-05
57.1	92.594	6.22596666666667E-05
57.2	92.694	6.2622E-05
57.3	92.794	6.26526666666667E-05
57.4	92.894	6.32386666666667E-05
57.5	92.994	6.4109E-05
57.6	93.094	6.3584E-05
57.7	93.194	6.5024E-05
57.8	93.294	6.478E-05
57.9	93.394	6.52103333333333E-05
58.0	93.494	6.5732E-05
58.1	93.594	6.64803333333333E-05
58.2	93.694	6.78526666666667E-05
58.3	93.794	6.64433333333333E-05
58.4	93.894	6.70463333333333E-05
58.5	93.994	6.689E-05
58.6	94.094	6.9126E-05
58.7	94.194	6.9641E-05
58.8	94.294	6.92176666666667E-05
58.9	94.394	6.92106666666667E-05
59.0	94.494	7.0485E-05
59.1	94.594	7.06506666666667E-05
59.2	94.694	7.0129E-05
59.3	94.794	7.10906666666667E-05
59.4	94.894	7.19343333333333E-05
59.5	94.994	7.3147E-05
59.6	95.094	7.26053333333333E-05
59.7	95.194	7.2998E-05
59.8	95.294	7.26866666666667E-05
59.9	95.394	7.40686666666667E-05
60.0	95.494	7.43766666666667E-05
60.1	95.594	7.44683333333333E-05
60.2	95.694	7.53933333333333E-05
60.3	95.794	7.519E-05
60.4	95.894	7.61486666666667E-05
60.5	95.994	7.66636666666667E-05
60.6	96.094	7.61046666666667E-05
60.7	96.194	7.6694E-05
60.8	96.294	7.7043E-05
60.9	96.394	7.73713333333333E-05
61.0	96.494	7.81233333333333E-05
61.1	96.594	7.8242E-05
61.2	96.694	7.9448E-05
61.3	96.794	7.9621E-05
61.4	96.894	7.89266666666667E-05
61.5	96.994	8.0627E-05
61.6	97.094	7.94613333333333E-05
61.7	97.194	8.05286666666667E-05
61.8	97.294	8.15926666666667E-05
61.9	97.394	8.15786666666667E-05
62.0	97.494	8.2036E-05
62.1	97.594	8.27206666666667E-05
62.2	97.694	8.2338E-05
62.3	97.794	8.34286666666667E-05
62.4	97.894	8.3503E-05
62.5	97.994	8.38893333333333E-05
62.6	98.094	8.4675E-05
62.7	98.194	8.37806666666667E-05
62.8	98.294	8.44073333333333E-05
62.9	98.394	8.55696666666667E-05
63.0	98.494	8.60066666666667E-05
63.1	98.594	8.60673333333333E-05
63.2	98.694	8.7165E-05
63.3	98.794	8.61726666666667E-05
63.4	98.894	8.6325E-05
63.5	98.994	8.73413333333333E-05
63.6	99.094	8.75816666666667E-05
63.7	99.194	8.76326666666667E-05
63.8	99.294	8.88756666666667E-05
63.9	99.394	8.83843333333333E-05
64.0	99.494	8.87063333333333E-05
64.1	99.594	8.8923E-05
64.2	99.694	8.98073333333333E-05
64.3	99.794	9.0207E-05
64.4	99.894	9.00103333333333E-05
64.5	99.994	9.00273333333333E-05
64.6	100.094	9.08266666666667E-05
64.7	100.194	8.98716666666667E-05
64.8	100.294	9.12166666666667E-05
64.9	100.394	9.1166E-05
65.0	100.494	9.1928E-05
65.1	100.594	9.20156666666667E-05
65.2	100.694	9.249E-05
65.3	100.794	9.2714E-05
65.4	100.894	9.26293333333333E-05
65.5	100.994	9.33373333333333E-05
65.6	101.094	9.34896666666667E-05
65.7	101.194	9.3354E-05
65.8	101.294	9.3835E-05
65.9	101.394	9.50986666666667E-05
66.0	101.494	9.42046666666667E-05
66.1	101.594	9.55186666666667E-05
66.2	101.694	9.59996666666667E-05
66.3	101.794	9.67213333333333E-05
66.4	101.894	9.57763333333333E-05
66.5	101.994	9.71716666666667E-05
66.6	102.094	9.61386666666667E-05
66.7	102.194	9.74226666666667E-05
66.8	102.294	9.68973333333333E-05
66.9	102.394	9.69956666666667E-05
67.0	102.494	9.73816666666667E-05
67.1	102.594	9.74323333333333E-05
67.2	102.694	9.72936666666667E-05
67.3	102.794	9.7934E-05
67.4	102.894	9.7985E-05
67.5	102.994	9.85336666666667E-05
67.6	103.094	9.81983333333333E-05
67.7	103.194	9.88723333333333E-05
67.8	103.294	9.89436666666667E-05
67.9	103.394	9.94953333333333E-05
68.0	103.494	9.99966666666667E-05
68.1	103.594	9.98873333333333E-05
68.2	103.694	0.000100506666666667
68.3	103.794	0.000100226666666667
68.4	103.894	0.000100593333333333
68.5	103.994	0.000101096666666667
68.6	104.094	0.00010127
68.7	104.194	0.000101016666666667
68.8	104.294	0.000101186666666667
68.9	104.394	0.000100966666666667
69.0	104.494	0.00010146
69.1	104.594	0.00010146
69.2	104.694	0.000101886666666667
69.3	104.794	0.000102416666666667
69.4	104.894	0.000102383333333333
69.5	104.994	0.00010209
69.6	105.094	0.000102286666666667
69.7	105.194	0.000102116666666667
69.8	105.294	0.000102813333333333
69.9	105.394	0.000102776666666667
70.0	105.494	0.000102473333333333
70.1	105.594	0.000103003333333333
70.2	105.694	0.000102466666666667
70.3	105.794	0.00010334
70.4	105.894	0.00010319
70.5	105.994	0.00010342
70.6	106.094	0.000103086666666667
70.7	106.194	0.00010354
70.8	106.294	0.000103986666666667
70.9	106.394	0.00010377
71.0	106.494	0.000103993333333333
71.1	106.594	0.000104056666666667
71.2	106.694	0.000103853333333333
71.3	106.794	0.00010415
71.4	106.894	0.000104436666666667
71.5	106.994	0.000104906666666667
71.6	107.094	0.000104673333333333
71.7	107.194	0.000104686666666667
71.8	107.294	0.000105333333333333
71.9	107.394	0.00010463
72.0	107.494	0.000104703333333333
72.1	107.594	0.00010461
72.2	107.694	0.00010501
72.3	107.794	0.000105213333333333
72.4	107.894	0.00010537
72.5	107.994	0.0001049
72.6	108.094	0.000105006666666667
72.7	108.194	0.00010525
72.8	108.294	0.0001053
72.9	108.394	0.000105266666666667
73.0	108.494	0.00010559
73.1	108.594	0.000105466666666667
73.2	108.694	0.00010553
73.3	108.794	0.00010609
73.4	108.894	0.000105593333333333
73.5	108.994	0.00010595
73.6	109.094	0.00010556
73.7	109.194	0.000105493333333333
73.8	109.294	0.000105826666666667
73.9	109.394	0.00010567
74.0	109.494	0.0001058
74.1	109.594	0.000105963333333333
74.2	109.694	0.000105656666666667
74.3	109.794	0.000105433333333333
74.4	109.894	0.000105346666666667
74.5	109.994	0.000105863333333333
74.6	110.094	0.000105806666666667
74.7	110.194	0.00010564
74.8	110.294	0.000105613333333333
74.9	110.394	0.000105796666666667
75.0	110.494	0.00010558
75.1	110.594	0.000105453333333333
75.2	110.694	0.000105543333333333
75.3	110.794	0.00010579
75.4	110.894	0.000105663333333333
75.5	110.994	0.000105613333333333
75.6	111.094	0.00010568
75.7	111.194	0.000105726666666667
75.8	111.294	0.000105583333333333
75.9	111.394	0.00010541
76.0	111.494	0.000105466666666667
76.1	111.594	0.00010537
76.2	111.694	0.00010527
76.3	111.794	0.000105183333333333
76.4	111.894	0.00010512
76.5	111.994	0.00010512
76.6	112.094	0.000105236666666667
76.7	112.194	0.00010547
76.8	112.294	0.000104823333333333
76.9	112.394	0.00010512
77.0	112.494	0.000104946666666667
77.1	112.594	0.000104786666666667
77.2	112.694	0.00010492
77.3	112.794	0.000104296666666667
77.4	112.894	0.000104363333333333
77.5	112.994	0.000104573333333333
77.6	113.094	0.000104416666666667
77.7	113.194	0.000104343333333333
77.8	113.294	0.00010423
77.9	113.394	0.000103996666666667
78.0	113.494	0.000103916666666667
78.1	113.594	0.000103906666666667
78.2	113.694	0.000103986666666667
78.3	113.794	0.00010369
78.4	113.894	0.000103633333333333
78.5	113.994	0.000103363333333333
78.6	114.094	0.000103266666666667
78.7	114.194	0.00010331
78.8	114.294	0.000103083333333333
78.9	114.394	0.000102926666666667
79.0	114.494	0.000102986666666667
79.1	114.594	0.000102896666666667
79.2	114.694	0.00010277
79.3	114.794	0.00010282
79.4	114.894	0.00010248
79.5	114.994	0.000102553333333333
79.6	115.094	0.0001024
79.7	115.194	0.00010209
79.8	115.294	0.000102023333333333
79.9	115.394	0.000101906666666667
80.0	115.494	0.000101723333333333
80.1	115.594	0.0001016
80.2	115.694	0.0001014
80.3	115.794	0.000101486666666667
80.4	115.894	0.000101333333333333
80.5	115.994	0.000101123333333333
80.6	116.094	0.000101113333333333
80.7	116.194	0.00010095
80.8	116.294	0.000100536666666667
80.9	116.394	0.000100376666666667
81.0	116.494	0.00010031
81.1	116.594	0.000100223333333333
81.2	116.694	9.99633333333333E-05
81.3	116.794	9.98513333333333E-05
81.4	116.894	9.96246666666667E-05
81.5	116.994	9.94553333333333E-05
81.6	117.094	9.9374E-05
81.7	117.194	9.92316666666667E-05
81.8	117.294	9.91533333333333E-05
81.9	117.394	9.90553333333333E-05
82.0	117.494	9.86963333333333E-05
82.1	117.594	9.85403333333333E-05
82.2	117.694	9.83236666666667E-05
82.3	117.794	9.82153333333333E-05
82.4	117.894	9.78933333333333E-05
82.5	117.994	9.7765E-05
82.6	118.094	9.75816666666667E-05
82.7	118.194	9.7409E-05
82.8	118.294	9.71786666666667E-05
82.9	118.394	9.69686666666667E-05
83.0	118.494	9.6823E-05
83.1	118.594	9.6684E-05
83.2	118.694	9.63996666666667E-05
83.3	118.794	9.6179E-05
83.4	118.894	9.59016666666667E-05
83.5	118.994	9.58573333333333E-05
83.6	119.094	9.5539E-05
83.7	119.194	9.54336666666667E-05
83.8	119.294	9.53393333333333E-05
83.9	119.394	9.5099E-05
84.0	119.494	9.49223333333333E-05
84.1	119.594	9.48073333333333E-05
84.2	119.694	9.4533E-05
84.3	119.794	9.4431E-05
84.4	119.894	9.42043333333333E-05
84.5	119.994	9.40113333333333E-05
84.6	120.094	9.37976666666667E-05
84.7	120.194	9.35333333333333E-05
84.8	120.294	9.33303333333334E-05
84.9	120.394	9.32353333333333E-05
85.0	120.494	9.29813333333333E-05
85.1	120.594	9.26763333333333E-05
85.2	120.694	9.2558E-05
85.3	120.794	9.23746666666667E-05
85.4	120.894	9.2104E-05
85.5	120.994	9.2006E-05
85.6	121.094	9.17146666666667E-05
85.7	121.194	9.15416666666667E-05
85.8	121.294	9.1257E-05
85.9	121.394	9.10913333333333E-05
86.0	121.494	9.08913333333333E-05
86.1	121.594	9.0651E-05
86.2	121.694	9.04513333333333E-05
86.3	121.794	9.02406666666667E-05
86.4	121.894	9.00003333333333E-05
86.5	121.994	8.9746E-05
86.6	122.094	8.9492E-05
86.7	122.194	8.93433333333333E-05
86.8	122.294	8.9035E-05
86.9	122.394	8.88386666666667E-05
87.0	122.494	8.8588E-05
87.1	122.594	8.8303E-05
87.2	122.694	8.81443333333333E-05
87.3	122.794	8.7795E-05
87.4	122.894	8.7602E-05
87.5	122.994	8.7358E-05
87.6	123.094	8.71443333333333E-05
87.7	123.194	8.6901E-05
87.8	123.294	8.6657E-05
87.9	123.394	8.6318E-05
88.0	123.494	8.61146666666667E-05
88.1	123.594	8.59316666666667E-05
88.2	123.694	8.5725E-05
88.3	123.794	8.54713333333333E-05
88.4	123.894	8.52613333333333E-05
88.5	123.994	8.49833333333333E-05
88.6	124.094	8.4746E-05
88.7	124.194	8.45126666666667E-05
88.8	124.294	8.4272E-05
88.9	124.394	8.4004E-05
89.0	124.494	8.38386666666667E-05
89.1	124.594	8.35913333333333E-05
89.2	124.694	8.3354E-05
89.3	124.794	8.31233333333333E-05
89.4	124.894	8.28966666666667E-05
89.5	124.994	8.27106666666667E-05
89.6	125.094	8.247E-05
89.7	125.194	8.2206E-05
89.8	125.294	8.19986666666667E-05
89.9	125.394	8.17923333333333E-05
90.0	125.494	8.1535E-05
90.1	125.594	8.12636666666667E-05
0	35.494	5.36416666666667E-08
0.1	35.594	5.3899E-08
0.2	35.694	5.39093333333333E-08
0.3	35.794	5.39533333333333E-08
0.4	35.894	5.42106666666667E-08
0.5	35.994	5.43256666666667E-08
0.6	36.094	5.48236666666667E-08
0.7	36.194	5.4807E-08
0.8	36.294	5.49763333333333E-08
0.9	36.394	5.5E-08
1.0	36.494	5.53386666666667E-08
1.1	36.594	5.51763333333333E-08
1.2	36.694	5.5569E-08
1.3	36.794	5.5884E-08
1.4	36.894	5.5915E-08
1.5	36.994	5.63483333333333E-08
1.6	37.094	5.6348E-08
1.7	37.194	5.68193333333333E-08
1.8	37.294	5.6721E-08
1.9	37.394	5.68123333333333E-08
2.0	37.494	5.69343333333333E-08
2.1	37.594	5.70663333333333E-08
2.2	37.694	5.72763333333333E-08
2.3	37.794	5.7419E-08
2.4	37.894	5.76626666666667E-08
2.5	37.994	5.77813333333333E-08
2.6	38.094	5.7927E-08
2.7	38.194	5.81166666666667E-08
2.8	38.294	5.83536666666667E-08
2.9	38.394	5.8496E-08
3.0	38.494	5.86756666666667E-08
3.1	38.594	5.89126666666667E-08
3.2	38.694	5.92413333333333E-08
3.3	38.794	5.93866666666667E-08
3.4	38.894	5.9597E-08
3.5	38.994	5.97293333333333E-08
3.6	39.094	5.9858E-08
3.7	39.194	6.00543333333333E-08
3.8	39.294	6.01763333333333E-08
3.9	39.394	6.03623333333333E-08
4.0	39.494	6.06066666666667E-08
4.1	39.594	6.07146666666667E-08
4.2	39.694	6.1169E-08
4.3	39.794	6.1284E-08
4.4	39.894	6.15516666666667E-08
4.5	39.994	6.167E-08
4.6	40.094	6.16836666666667E-08
4.7	40.194	6.19343333333333E-08
4.8	40.294	6.21683333333333E-08
4.9	40.394	6.22836666666667E-08
5.0	40.494	6.25776666666667E-08
5.1	40.594	6.26966666666667E-08
5.2	40.694	6.2917E-08
5.3	40.794	6.32046666666667E-08
5.4	40.894	6.3344E-08
5.5	40.994	6.3486E-08
5.6	41.094	6.36856666666667E-08
5.7	41.194	6.4055E-08
5.8	41.294	6.42546666666667E-08
5.9	41.394	6.42716666666667E-08
6.0	41.494	6.44853333333333E-08
6.1	41.594	6.45596666666667E-08
6.2	41.694	6.47836666666667E-08
6.3	41.794	6.49866666666667E-08
6.4	41.894	6.5346E-08
6.5	41.994	6.54166666666667E-08
6.6	42.094	6.57586666666667E-08
6.7	42.194	6.5769E-08
6.8	42.294	6.58026666666667E-08
6.9	42.394	6.6274E-08
7.0	42.494	6.63283333333333E-08
7.1	42.594	6.666E-08
7.2	42.694	6.6755E-08
7.3	42.794	6.6948E-08
7.4	42.894	6.70866666666667E-08
7.5	42.994	6.7314E-08
7.6	43.094	6.74456666666667E-08
7.7	43.194	6.7605E-08
7.8	43.294	6.7876E-08
7.9	43.394	6.80286666666667E-08
8.0	43.494	6.81333333333333E-08
8.1	43.594	6.83706666666667E-08
8.2	43.694	6.84216666666667E-08
8.3	43.794	6.87533333333333E-08
8.4	43.894	6.90213333333333E-08
8.5	43.994	6.90383333333333E-08
8.6	44.094	6.93023333333333E-08
8.7	44.194	6.94546666666667E-08
8.8	44.294	6.9665E-08
8.9	44.394	6.9912E-08
9.0	44.494	7.01116666666667E-08
9.1	44.594	7.021E-08
9.2	44.694	7.03593333333333E-08
9.3	44.794	7.06166666666667E-08
9.4	44.894	7.11586666666667E-08
9.5	44.994	7.123E-08
9.6	45.094	7.1338E-08
9.7	45.194	7.14906666666667E-08
9.8	45.294	7.1606E-08
9.9	45.394	7.19006666666667E-08
10.0	45.494	7.20463333333333E-08
10.1	45.594	7.22193333333333E-08
10.2	45.694	7.23546666666667E-08
10.3	45.794	7.25746666666667E-08
10.4	45.894	7.28763333333333E-08
10.5	45.994	7.29713333333333E-08
10.6	46.094	7.33943333333333E-08
10.7	46.194	7.35296666666667E-08
10.8	46.294	7.35266666666667E-08
10.9	46.394	7.37333333333333E-08
11.0	46.494	7.39263333333333E-08
11.1	46.594	7.4096E-08
11.2	46.694	7.42446666666667E-08
11.3	46.794	7.4597E-08
11.4	46.894	7.48003333333333E-08
11.5	46.994	7.49156666666667E-08
11.6	47.094	7.5217E-08
11.7	47.194	7.53253333333333E-08
11.8	47.294	7.56473333333333E-08
11.9	47.394	7.58373333333333E-08
12.0	47.494	7.61046666666667E-08
12.1	47.594	7.62876666666667E-08
12.2	47.694	7.6443E-08
12.3	47.794	7.66193333333333E-08
12.4	47.894	7.6779E-08
12.5	47.994	7.69686666666667E-08
12.6	48.094	7.73376666666667E-08
12.7	48.194	7.7656E-08
12.8	48.294	7.7968E-08
12.9	48.394	7.79136666666667E-08
13.0	48.494	7.79913333333333E-08
13.1	48.594	7.8242E-08
13.2	48.694	7.852E-08
13.3	48.794	7.8801E-08
13.4	48.894	7.89333333333333E-08
13.5	48.994	7.90586666666667E-08
13.6	49.094	7.94786666666667E-08
13.7	49.194	7.9756E-08
13.8	49.294	8.00103333333333E-08
13.9	49.394	8.00883333333334E-08
14.0	49.494	8.02676666666667E-08
14.1	49.594	8.06643333333333E-08
14.2	49.694	8.0837E-08
14.3	49.794	8.10063333333333E-08
14.4	49.894	8.12266666666667E-08
14.5	49.994	8.17516666666667E-08
14.6	50.094	8.186E-08
14.7	50.194	8.2138E-08
14.8	50.294	8.22936666666667E-08
14.9	50.394	8.25033333333333E-08
15.0	50.494	8.29506666666667E-08
15.1	50.594	8.2927E-08
15.2	50.694	8.34283333333333E-08
15.3	50.794	8.36993333333333E-08
15.4	50.894	8.39266666666667E-08
15.5	50.994	8.43463333333333E-08
15.6	51.094	8.44043333333333E-08
15.7	51.194	8.4814E-08
15.8	51.294	8.50613333333333E-08
15.9	51.394	8.51393333333333E-08
16.0	51.494	8.57593333333333E-08
16.1	51.594	8.5722E-08
16.2	51.694	8.61723333333333E-08
16.3	51.794	8.66973333333333E-08
16.4	51.894	8.6921E-08
16.5	51.994	8.70126666666667E-08
16.6	52.094	8.7209E-08
16.7	52.194	8.74936666666667E-08
16.8	52.294	8.8049E-08
16.9	52.394	8.8344E-08
17.0	52.494	8.86213333333333E-08
17.1	52.594	8.8801E-08
17.2	52.694	8.9045E-08
17.3	52.794	8.95736666666667E-08
17.4	52.894	8.97733333333333E-08
17.5	52.994	8.98546666666667E-08
17.6	53.094	9.06746666666667E-08
17.7	53.194	9.06916666666667E-08
17.8	53.294	9.08676666666667E-08
17.9	53.394	9.121E-08
18.0	53.494	9.1633E-08
18.1	53.594	9.16806666666667E-08
18.2	53.694	9.2121E-08
18.3	53.794	9.23276666666667E-08
18.4	53.894	9.29E-08
18.5	53.994	9.30696666666667E-08
18.6	54.094	9.3798E-08
18.7	54.194	9.46823333333333E-08
18.8	54.294	9.4475E-08
18.9	54.394	9.45533333333333E-08
19.0	54.494	9.5119E-08
19.1	54.594	9.56373333333333E-08
19.2	54.694	9.5993E-08
19.3	54.794	9.63523333333333E-08
19.4	54.894	9.65583333333333E-08
19.5	54.994	9.69853333333333E-08
19.6	55.094	9.71446666666667E-08
19.7	55.194	9.78053333333334E-08
19.8	55.294	9.8608E-08
19.9	55.394	9.89196666666667E-08
20.0	55.494	9.9584E-08
20.1	55.594	1.00503333333333E-07
20.2	55.694	1.00913333333333E-07
20.3	55.794	1.01236666666667E-07
20.4	55.894	1.0192E-07
20.5	55.994	1.02196666666667E-07
20.6	56.094	1.03063333333333E-07
20.7	56.194	1.0344E-07
20.8	56.294	1.0431E-07
20.9	56.394	1.05056666666667E-07
21.0	56.494	1.05343333333333E-07
21.1	56.594	1.06666666666667E-07
21.2	56.694	1.07026666666667E-07
21.3	56.794	1.0841E-07
21.4	56.894	1.08113333333333E-07
21.5	56.994	1.10196666666667E-07
21.6	57.094	1.09436666666667E-07
21.7	57.194	1.09916666666667E-07
21.8	57.294	1.12743333333333E-07
21.9	57.394	1.1238E-07
22.0	57.494	1.13026666666667E-07
22.1	57.594	1.13173333333333E-07
22.2	57.694	1.13926666666667E-07
22.3	57.794	1.15603333333333E-07
22.4	57.894	1.1657E-07
22.5	57.994	1.16293333333333E-07
22.6	58.094	1.178E-07
22.7	58.194	1.18233333333333E-07
22.8	58.294	1.19626666666667E-07
22.9	58.394	1.2127E-07
23.0	58.494	1.22056666666667E-07
23.1	58.594	1.23603333333333E-07
23.2	58.694	1.23826666666667E-07
23.3	58.794	1.25123333333333E-07
23.4	58.894	1.25923333333333E-07
23.5	58.994	1.26486666666667E-07
23.6	59.094	1.30466666666667E-07
23.7	59.194	1.30096666666667E-07
23.8	59.294	1.31453333333333E-07
23.9	59.394	1.3385E-07
24.0	59.494	1.35516666666667E-07
24.1	59.594	1.356E-07
24.2	59.694	1.39953333333333E-07
24.3	59.794	1.42723333333333E-07
24.4	59.894	1.47133333333333E-07
24.5	59.994	1.46443333333333E-07
24.6	60.094	1.4514E-07
24.7	60.194	1.476E-07
24.8	60.294	1.50483333333333E-07
24.9	60.394	1.52596666666667E-07
25.0	60.494	1.60453333333333E-07
25.1	60.594	1.6589E-07
25.2	60.694	1.61503333333333E-07
25.3	60.794	1.6497E-07
25.4	60.894	1.68273333333333E-07
25.5	60.994	1.65716666666667E-07
25.6	61.094	1.6825E-07
25.7	61.194	1.75423333333333E-07
25.8	61.294	1.77266666666667E-07
25.9	61.394	1.83333333333333E-07
26.0	61.494	1.82763333333333E-07
26.1	61.594	1.8859E-07
26.2	61.694	1.90306666666667E-07
26.3	61.794	1.89606666666667E-07
26.4	61.894	1.96086666666667E-07
26.5	61.994	2.0108E-07
26.6	62.094	2.02336666666667E-07
26.7	62.194	2.07933333333333E-07
26.8	62.294	2.0748E-07
26.9	62.394	2.13356666666667E-07
27.0	62.494	2.09526666666667E-07
27.1	62.594	2.18626666666667E-07
27.2	62.694	2.23083333333333E-07
27.3	62.794	2.29056666666667E-07
27.4	62.894	2.3599E-07
27.5	62.994	2.4534E-07
27.6	63.094	2.46726666666667E-07
27.7	63.194	2.51396666666667E-07
27.8	63.294	2.6037E-07
27.9	63.394	2.65786666666667E-07
28.0	63.494	2.8153E-07
28.1	63.594	2.83333333333333E-07
28.2	63.694	2.84756666666667E-07
28.3	63.794	2.9813E-07
28.4	63.894	2.94616666666667E-07
28.5	63.994	2.99546666666667E-07
28.6	64.094	3.09643333333333E-07
28.7	64.194	3.19763333333333E-07
28.8	64.294	4.04133333333333E-07
28.9	64.394	3.95866666666667E-07
29.0	64.494	4.13276666666667E-07
29.1	64.594	4.10266666666667E-07
29.2	64.694	4.1057E-07
29.3	64.794	4.38686666666667E-07
29.4	64.894	4.60366666666667E-07
29.5	64.994	4.53356666666667E-07
29.6	65.094	4.65106666666667E-07
29.7	65.194	4.9187E-07
29.8	65.294	5.08466666666667E-07
29.9	65.394	5.1809E-07
30.0	65.494	5.07656666666667E-07
30.1	65.594	5.11076666666667E-07
30.2	65.694	5.2527E-07
30.3	65.794	5.65003333333333E-07
30.4	65.894	5.70833333333333E-07
30.5	65.994	5.9729E-07
30.6	66.094	6.15886666666667E-07
30.7	66.194	6.25236666666667E-07
30.8	66.294	6.5515E-07
30.9	66.394	6.59216666666667E-07
31.0	66.494	6.51223333333333E-07
31.1	66.594	6.5962E-07
31.2	66.694	6.98646666666667E-07
31.3	66.794	7.17616666666667E-07
31.4	66.894	7.25816666666667E-07
31.5	66.994	7.40686666666667E-07
31.6	67.094	7.3303E-07
31.7	67.194	8.00986666666667E-07
31.8	67.294	7.48886666666667E-07
31.9	67.394	8.0813E-07
32.0	67.494	8.2629E-07
32.1	67.594	8.3364E-07
32.2	67.694	8.5163E-07
32.3	67.794	8.56573333333333E-07
32.4	67.894	8.89636666666667E-07
32.5	67.994	9.15723333333333E-07
32.6	68.094	9.3388E-07
32.7	68.194	9.49426666666667E-07
32.8	68.294	9.96493333333333E-07
32.9	68.394	1.03003333333333E-06
33.0	68.494	1.03993333333333E-06
33.1	68.594	1.0735E-06
33.2	68.694	1.0569E-06
33.3	68.794	1.08253333333333E-06
33.4	68.894	1.10836666666667E-06
33.5	68.994	1.1176E-06
33.6	69.094	1.1397E-06
33.7	69.194	1.19836666666667E-06
33.8	69.294	1.21563333333333E-06
33.9	69.394	1.23203333333333E-06
34.0	69.494	1.2706E-06
34.1	69.594	1.29613333333333E-06
34.2	69.694	1.33796666666667E-06
34.3	69.794	1.36993333333333E-06
34.4	69.894	1.4575E-06
34.5	69.994	1.49056666666667E-06
34.6	70.094	1.49716666666667E-06
34.7	70.194	1.5679E-06
34.8	70.294	1.59286666666667E-06
34.9	70.394	1.55346666666667E-06
35.0	70.494	1.6396E-06
35.1	70.594	1.68343333333333E-06
35.2	70.694	1.7619E-06
35.3	70.794	1.80846666666667E-06
35.4	70.894	1.8189E-06
35.5	70.994	1.84586666666667E-06
35.6	71.094	1.92936666666667E-06
35.7	71.194	1.9053E-06
35.8	71.294	1.99986666666667E-06
35.9	71.394	2.0225E-06
36.0	71.494	2.03313333333333E-06
36.1	71.594	2.13936666666667E-06
36.2	71.694	2.0998E-06
36.3	71.794	2.2361E-06
36.4	71.894	2.23943333333333E-06
36.5	71.994	2.33436666666667E-06
36.6	72.094	2.37063333333333E-06
36.7	72.194	2.343E-06
36.8	72.294	2.39043333333333E-06
36.9	72.394	2.45476666666667E-06
37.0	72.494	2.4843E-06
37.1	72.594	2.5635E-06
37.2	72.694	2.6088E-06
37.3	72.794	2.639E-06
37.4	72.894	2.70133333333333E-06
37.5	72.994	2.74383333333333E-06
37.6	73.094	2.88373333333333E-06
37.7	73.194	2.9116E-06
37.8	73.294	2.94573333333333E-06
37.9	73.394	3.09526666666667E-06
38.0	73.494	3.0508E-06
38.1	73.594	3.0658E-06
38.2	73.694	3.72953333333333E-06
38.3	73.794	4.0501E-06
38.4	73.894	4.1209E-06
38.5	73.994	4.39396666666667E-06
38.6	74.094	4.3689E-06
38.7	74.194	4.34076666666667E-06
38.8	74.294	4.6992E-06
38.9	74.394	4.60126666666667E-06
39.0	74.494	4.75643333333333E-06
39.1	74.594	4.83263333333333E-06
39.2	74.694	4.90243333333333E-06
39.3	74.794	4.91293333333333E-06
39.4	74.894	4.9773E-06
39.5	74.994	5.16496666666667E-06
39.6	75.094	5.12806666666667E-06
39.7	75.194	5.33063333333333E-06
39.8	75.294	5.45966666666667E-06
39.9	75.394	5.53793333333333E-06
40.0	75.494	5.66906666666667E-06
40.1	75.594	5.58773333333333E-06
40.2	75.694	5.62706666666667E-06
40.3	75.794	5.94106666666667E-06
40.4	75.894	6.1233E-06
40.5	75.994	6.11653333333333E-06
40.6	76.094	6.26726666666667E-06
40.7	76.194	6.1978E-06
40.8	76.294	6.40006666666667E-06
40.9	76.394	6.64773333333333E-06
41.0	76.494	6.92546666666667E-06
41.1	76.594	6.8259E-06
41.2	76.694	6.81776666666667E-06
41.3	76.794	7.13446666666667E-06
41.4	76.894	7.29233333333333E-06
41.5	76.994	7.50273333333333E-06
41.6	77.094	8.0085E-06
41.7	77.194	7.79203333333333E-06
41.8	77.294	7.85843333333333E-06
41.9	77.394	8.38486666666667E-06
42.0	77.494	8.10573333333333E-06
42.1	77.594	7.97766666666667E-06
42.2	77.694	8.43193333333333E-06
42.3	77.794	8.3005E-06
42.4	77.894	8.4062E-06
42.5	77.994	9.11623333333333E-06
42.6	78.094	9.1054E-06
42.7	78.194	9.21413333333333E-06
42.8	78.294	9.13993333333333E-06
42.9	78.394	9.5258E-06
43.0	78.494	9.71376666666667E-06
43.1	78.594	9.831E-06
43.2	78.694	1.02913333333333E-05
43.3	78.794	1.02013333333333E-05
43.4	78.894	1.02886666666667E-05
43.5	78.994	1.04036666666667E-05
43.6	79.094	1.03003333333333E-05
43.7	79.194	1.0755E-05
43.8	79.294	1.1051E-05
43.9	79.394	1.09316666666667E-05
44.0	79.494	1.1309E-05
44.1	79.594	1.12633333333333E-05
44.2	79.694	1.13833333333333E-05
44.3	79.794	1.1543E-05
44.4	79.894	1.2013E-05
44.5	79.994	1.20766666666667E-05
44.6	80.094	1.22243333333333E-05
44.7	80.194	1.22246666666667E-05
44.8	80.294	1.2177E-05
44.9	80.394	1.2837E-05
45.0	80.494	1.33956666666667E-05
45.1	80.594	1.33916666666667E-05
45.2	80.694	1.35216666666667E-05
45.3	80.794	1.3876E-05
45.4	80.894	1.37683333333333E-05
45.5	80.994	1.4009E-05
45.6	81.094	1.43846666666667E-05
45.7	81.194	1.45486666666667E-05
45.8	81.294	1.47316666666667E-05
45.9	81.394	1.50646666666667E-05
46.0	81.494	1.5874E-05
46.1	81.594	1.568E-05
46.2	81.694	1.58413333333333E-05
46.3	81.794	1.58946666666667E-05
46.4	81.894	1.6119E-05
46.5	81.994	1.58596666666667E-05
46.6	82.094	1.65056666666667E-05
46.7	82.194	1.66113333333333E-05
46.8	82.294	1.66973333333333E-05
46.9	82.394	1.6859E-05
47.0	82.494	1.7458E-05
47.1	82.594	1.77126666666667E-05
47.2	82.694	1.8015E-05
47.3	82.794	1.8773E-05
47.4	82.894	1.8442E-05
47.5	82.994	1.8882E-05
47.6	83.094	1.9104E-05
47.7	83.194	1.91766666666667E-05
47.8	83.294	1.98636666666667E-05
47.9	83.394	1.97006666666667E-05
48.0	83.494	1.9677E-05
48.1	83.594	2.01176666666667E-05
48.2	83.694	2.05796666666667E-05
48.3	83.794	2.07436666666667E-05
48.4	83.894	2.09733333333333E-05
48.5	83.994	2.16096666666667E-05
48.6	84.094	2.18716666666667E-05
48.7	84.194	2.15466666666667E-05
48.8	84.294	2.19143333333333E-05
48.9	84.394	2.2406E-05
49.0	84.494	2.2456E-05
49.1	84.594	2.25936666666667E-05
49.2	84.694	2.31163333333333E-05
49.3	84.794	2.33903333333333E-05
49.4	84.894	2.36823333333333E-05
49.5	84.994	2.37866666666667E-05
49.6	85.094	2.43466666666667E-05
49.7	85.194	2.4477E-05
49.8	85.294	2.51396666666667E-05
49.9	85.394	2.53093333333333E-05
50.0	85.494	2.54236666666667E-05
50.1	85.594	2.57753333333333E-05
50.2	85.694	2.59666666666667E-05
50.3	85.794	2.67306666666667E-05
50.4	85.894	2.673E-05
50.5	85.994	2.69383333333333E-05
50.6	86.094	2.6716E-05
50.7	86.194	2.79416666666667E-05
50.8	86.294	2.78613333333333E-05
50.9	86.394	2.8713E-05
51.0	86.494	2.80163333333333E-05
51.1	86.594	2.8935E-05
51.2	86.694	2.922E-05
51.3	86.794	2.9308E-05
51.4	86.894	3.0271E-05
51.5	86.994	2.99366666666667E-05
51.6	87.094	3.112E-05
51.7	87.194	3.2004E-05
51.8	87.294	3.1411E-05
51.9	87.394	3.95733333333333E-05
52.0	87.494	3.90276666666667E-05
52.1	87.594	3.96003333333333E-05
52.2	87.694	3.9224E-05
52.3	87.794	3.93936666666667E-05
52.4	87.894	4.03486666666667E-05
52.5	87.994	4.0718E-05
52.6	88.094	4.03423333333333E-05
52.7	88.194	4.09586666666667E-05
52.8	88.294	4.2429E-05
52.9	88.394	4.22796666666667E-05
53.0	88.494	4.2141E-05
53.1	88.594	4.2046E-05
53.2	88.694	4.46273333333333E-05
53.3	88.794	4.44816666666667E-05
53.4	88.894	4.41866666666667E-05
53.5	88.994	4.44716666666667E-05
53.6	89.094	4.5227E-05
53.7	89.194	4.6609E-05
53.8	89.294	4.61756666666667E-05
53.9	89.394	4.5928E-05
54.0	89.494	4.70323333333333E-05
54.1	89.594	4.8086E-05
54.2	89.694	4.81876666666667E-05
