Home offset is 0
theta0 (Initial angle from Home) is (deg) 35.494
angle from Home(deg)	angle from theta0(deg)	photocurrent
0	35.494	8.18633333333333E-05
0.1	35.594	8.2165E-05
0.2	35.694	8.24426666666667E-05
0.3	35.794	8.27036666666667E-05
0.4	35.894	8.29506666666667E-05
0.5	35.994	8.32016666666667E-05
0.6	36.094	8.3459E-05
0.7	36.194	8.374E-05
0.8	36.294	8.4001E-05
0.9	36.394	8.42956666666667E-05
1.0	36.494	8.45126666666667E-05
1.1	36.594	8.47733333333333E-05
1.2	36.694	8.49833333333333E-05
1.3	36.794	8.52716666666667E-05
1.4	36.894	8.55153333333333E-05
1.5	36.994	8.57386666666667E-05
1.6	37.094	8.59926666666667E-05
1.7	37.194	8.62466666666667E-05
1.8	37.294	8.65043333333333E-05
1.9	37.394	8.6769E-05
2.0	37.494	8.70126666666667E-05
2.1	37.594	8.72736666666667E-05
2.2	37.694	8.75176666666667E-05
2.3	37.794	8.77646666666667E-05
2.4	37.894	8.80083333333333E-05
2.5	37.994	8.82626666666667E-05
2.6	38.094	8.85236666666667E-05
2.7	38.194	8.87366666666667E-05
2.8	38.294	8.9008E-05
2.9	38.394	8.9248E-05
3.0	38.494	8.95093333333333E-05
3.1	38.594	8.97596666666667E-05
3.2	38.694	9.0011E-05
3.3	38.794	9.02613333333333E-05
3.4	38.894	9.0519E-05
3.5	38.994	9.07863333333333E-05
3.6	39.094	9.1027E-05
3.7	39.194	9.13216666666667E-05
3.8	39.294	9.1596E-05
3.9	39.394	9.18633333333333E-05
4.0	39.494	9.21073333333333E-05
4.1	39.594	9.23513333333333E-05
4.2	39.694	9.26356666666667E-05
4.3	39.794	9.28833333333333E-05
4.4	39.894	9.31233333333333E-05
4.5	39.994	9.34016666666667E-05
4.6	40.094	9.3669E-05
4.7	40.194	9.39363333333333E-05
4.8	40.294	9.41636666666667E-05
4.9	40.394	9.4401E-05
5.0	40.494	9.4645E-05
5.1	40.594	9.48956666666667E-05
5.2	40.694	9.51696666666667E-05
5.3	40.794	9.54136666666667E-05
5.4	40.894	9.56676666666667E-05
5.5	40.994	9.58983333333333E-05
5.6	41.094	9.6135E-05
5.7	41.194	9.64063333333333E-05
5.8	41.294	9.664E-05
5.9	41.394	9.68876666666667E-05
6.0	41.494	9.71173333333333E-05
6.1	41.594	9.73923333333333E-05
6.2	41.694	9.7663E-05
6.3	41.794	9.79203333333333E-05
6.4	41.894	9.8134E-05
6.5	41.994	9.83916666666667E-05
6.6	42.094	9.86213333333333E-05
6.7	42.194	9.8852E-05
6.8	42.294	9.9076E-05
6.9	42.394	9.93333333333333E-05
7.0	42.494	9.9574E-05
7.1	42.594	9.98073333333333E-05
7.2	42.694	0.000100056666666667
7.3	42.794	0.000100296666666667
7.4	42.894	0.000100516666666667
7.5	42.994	0.000100776666666667
7.6	43.094	0.000100993333333333
7.7	43.194	0.000101246666666667
7.8	43.294	0.000101476666666667
7.9	43.394	0.00010171
8.0	43.494	0.000101966666666667
8.1	43.594	0.000102173333333333
8.2	43.694	0.000102403333333333
8.3	43.794	0.000102613333333333
8.4	43.894	0.000102856666666667
8.5	43.994	0.000103093333333333
8.6	44.094	0.000103336666666667
8.7	44.194	0.000103596666666667
8.8	44.294	0.000103816666666667
8.9	44.394	0.000104046666666667
9.0	44.494	0.000104276666666667
9.1	44.594	0.000104533333333333
9.2	44.694	0.000104763333333333
9.3	44.794	0.000105026666666667
9.4	44.894	0.00010527
9.5	44.994	0.000105466666666667
9.6	45.094	0.000105726666666667
9.7	45.194	0.000105963333333333
9.8	45.294	0.000106233333333333
9.9	45.394	0.00010652
10.0	45.494	0.000106743333333333
10.1	45.594	0.000107
10.2	45.694	0.000107233333333333
10.3	45.794	0.000107466666666667
10.4	45.894	0.00010771
10.5	45.994	0.00010796
10.6	46.094	0.000108203333333333
10.7	46.194	0.00010844
10.8	46.294	0.000108663333333333
10.9	46.394	0.000108923333333333
11.0	46.494	0.000109133333333333
11.1	46.594	0.000109416666666667
11.2	46.694	0.000109673333333333
11.3	46.794	0.00010991
11.4	46.894	0.000110133333333333
11.5	46.994	0.000110373333333333
11.6	47.094	0.000110613333333333
11.7	47.194	0.00011081
11.8	47.294	0.000111036666666667
11.9	47.394	0.00011126
12.0	47.494	0.000111486666666667
12.1	47.594	0.000111723333333333
12.2	47.694	0.000111966666666667
12.3	47.794	0.000112196666666667
12.4	47.894	0.000112406666666667
12.5	47.994	0.000112656666666667
12.6	48.094	0.0001129
12.7	48.194	0.000113136666666667
12.8	48.294	0.00011335
12.9	48.394	0.00011356
13.0	48.494	0.0001138
13.1	48.594	0.000113983333333333
13.2	48.694	0.00011422
13.3	48.794	0.000114396666666667
13.4	48.894	0.00011465
13.5	48.994	0.000114876666666667
13.6	49.094	0.000115076666666667
13.7	49.194	0.000115303333333333
13.8	49.294	0.000115516666666667
13.9	49.394	0.00011575
14.0	49.494	0.000115976666666667
14.1	49.594	0.000116223333333333
14.2	49.694	0.000116443333333333
14.3	49.794	0.000116666666666667
14.4	49.894	0.00011692
14.5	49.994	0.00011713
14.6	50.094	0.000117356666666667
14.7	50.194	0.00011757
14.8	50.294	0.000117766666666667
14.9	50.394	0.000118
15.0	50.494	0.000118236666666667
15.1	50.594	0.00011845
15.2	50.694	0.00011867
15.3	50.794	0.000118896666666667
15.4	50.894	0.000119126666666667
15.5	50.994	0.000119356666666667
15.6	51.094	0.000119583333333333
15.7	51.194	0.000119796666666667
15.8	51.294	0.000119993333333333
15.9	51.394	0.000120193333333333
16.0	51.494	0.000120403333333333
16.1	51.594	0.00012063
16.2	51.694	0.00012085
16.3	51.794	0.00012107
16.4	51.894	0.000121296666666667
16.5	51.994	0.000121506666666667
16.6	52.094	0.000121693333333333
16.7	52.194	0.000121913333333333
16.8	52.294	0.000122123333333333
16.9	52.394	0.000122296666666667
17.0	52.494	0.000122513333333333
17.1	52.594	0.00012268
17.2	52.694	0.000122893333333333
17.3	52.794	0.000123083333333333
17.4	52.894	0.000123263333333333
17.5	52.994	0.000123453333333333
17.6	53.094	0.000123686666666667
17.7	53.194	0.000123883333333333
17.8	53.294	0.000124093333333333
17.9	53.394	0.000124283333333333
18.0	53.494	0.000124516666666667
18.1	53.594	0.000124696666666667
18.2	53.694	0.00012483
18.3	53.794	0.00012504
18.4	53.894	0.000125213333333333
18.5	53.994	0.000125443333333333
18.6	54.094	0.000125643333333333
18.7	54.194	0.000125856666666667
18.8	54.294	0.000126063333333333
18.9	54.394	0.00012626
19.0	54.494	0.000126433333333333
19.1	54.594	0.000126633333333333
19.2	54.694	0.00012686
19.3	54.794	0.000127043333333333
19.4	54.894	0.000127273333333333
19.5	54.994	0.0001275
19.6	55.094	0.0001277
19.7	55.194	0.000127883333333333
19.8	55.294	0.000128076666666667
19.9	55.394	0.00012824
20.0	55.494	0.000128453333333333
20.1	55.594	0.00012865
20.2	55.694	0.000128853333333333
20.3	55.794	0.00012909
20.4	55.894	0.000129286666666667
20.5	55.994	0.00012951
20.6	56.094	0.000129706666666667
20.7	56.194	0.000129913333333333
20.8	56.294	0.000130096666666667
20.9	56.394	0.0001303
21.0	56.494	0.0001305
21.1	56.594	0.000130726666666667
21.2	56.694	0.0001309
21.3	56.794	0.00013109
21.4	56.894	0.000131326666666667
21.5	56.994	0.000131493333333333
21.6	57.094	0.000131643333333333
21.7	57.194	0.000131823333333333
21.8	57.294	0.000132013333333333
21.9	57.394	0.00013218
22.0	57.494	0.000132356666666667
22.1	57.594	0.00013255
22.2	57.694	0.00013275
22.3	57.794	0.00013289
22.4	57.894	0.000133066666666667
22.5	57.994	0.000133216666666667
22.6	58.094	0.000133406666666667
22.7	58.194	0.00013357
22.8	58.294	0.00013373
22.9	58.394	0.00013389
23.0	58.494	0.00013407
23.1	58.594	0.00013424
23.2	58.694	0.000134436666666667
23.3	58.794	0.000134596666666667
23.4	58.894	0.000134746666666667
23.5	58.994	0.000134933333333333
23.6	59.094	0.000135086666666667
23.7	59.194	0.000135253333333333
23.8	59.294	0.000135433333333333
23.9	59.394	0.0001356
24.0	59.494	0.000135793333333333
24.1	59.594	0.00013594
24.2	59.694	0.000136083333333333
24.3	59.794	0.00013626
24.4	59.894	0.00013644
24.5	59.994	0.000136563333333333
24.6	60.094	0.00013671
24.7	60.194	0.00013689
24.8	60.294	0.000137066666666667
24.9	60.394	0.000137243333333333
25.0	60.494	0.00013742
25.1	60.594	0.00013761
25.2	60.694	0.000137803333333333
25.3	60.794	0.00013794
25.4	60.894	0.000138106666666667
25.5	60.994	0.00013826
25.6	61.094	0.00013841
25.7	61.194	0.00013858
25.8	61.294	0.000138763333333333
25.9	61.394	0.000138893333333333
26.0	61.494	0.000139033333333333
26.1	61.594	0.000139186666666667
26.2	61.694	0.00013937
26.3	61.794	0.0001395
26.4	61.894	0.00013964
26.5	61.994	0.00013976
26.6	62.094	0.00013992
26.7	62.194	0.00014008
26.8	62.294	0.000140213333333333
26.9	62.394	0.000140336666666667
27.0	62.494	0.000140496666666667
27.1	62.594	0.000140626666666667
27.2	62.694	0.000140783333333333
27.3	62.794	0.000140913333333333
27.4	62.894	0.000141076666666667
27.5	62.994	0.000141246666666667
27.6	63.094	0.00014139
27.7	63.194	0.000141496666666667
27.8	63.294	0.000141606666666667
27.9	63.394	0.000141796666666667
28.0	63.494	0.000141963333333333
28.1	63.594	0.000142113333333333
28.2	63.694	0.000142226666666667
28.3	63.794	0.00014236
28.4	63.894	0.000142456666666667
28.5	63.994	0.000142563333333333
28.6	64.094	0.000142706666666667
28.7	64.194	0.000142836666666667
28.8	64.294	0.00014294
28.9	64.394	0.000143083333333333
29.0	64.494	0.000143183333333333
29.1	64.594	0.000143346666666667
29.2	64.694	0.000143456666666667
29.3	64.794	0.000143593333333333
29.4	64.894	0.000143743333333333
29.5	64.994	0.000143893333333333
29.6	65.094	0.000144003333333333
29.7	65.194	0.000144126666666667
29.8	65.294	0.00014427
29.9	65.394	0.00014441
30.0	65.494	0.000144543333333333
30.1	65.594	0.000144656666666667
30.2	65.694	0.00014478
30.3	65.794	0.00014492
30.4	65.894	0.000145026666666667
30.5	65.994	0.00014512
30.6	66.094	0.000145223333333333
30.7	66.194	0.00014534
30.8	66.294	0.000145466666666667
30.9	66.394	0.00014561
31.0	66.494	0.000145733333333333
31.1	66.594	0.000145826666666667
31.2	66.694	0.000145936666666667
31.3	66.794	0.000146046666666667
31.4	66.894	0.00014611
31.5	66.994	0.000146243333333333
31.6	67.094	0.00014636
31.7	67.194	0.00014645
31.8	67.294	0.00014655
31.9	67.394	0.000146656666666667
32.0	67.494	0.00014673
32.1	67.594	0.000146856666666667
32.2	67.694	0.000146966666666667
32.3	67.794	0.000147073333333333
32.4	67.894	0.00014716
32.5	67.994	0.000147233333333333
32.6	68.094	0.000147336666666667
32.7	68.194	0.000147433333333333
32.8	68.294	0.000147526666666667
32.9	68.394	0.000147633333333333
33.0	68.494	0.00014774
33.1	68.594	0.000147823333333333
33.2	68.694	0.000147903333333333
33.3	68.794	0.00014801
33.4	68.894	0.000148106666666667
33.5	68.994	0.00014821
33.6	69.094	0.00014831
33.7	69.194	0.0001484
33.8	69.294	0.0001485
33.9	69.394	0.000148586666666667
34.0	69.494	0.000148676666666667
34.1	69.594	0.000148753333333333
34.2	69.694	0.000148853333333333
34.3	69.794	0.00014893
34.4	69.894	0.000148993333333333
34.5	69.994	0.00014907
34.6	70.094	0.000149196666666667
34.7	70.194	0.000149296666666667
34.8	70.294	0.000149383333333333
34.9	70.394	0.000149456666666667
35.0	70.494	0.00014955
35.1	70.594	0.000149623333333333
35.2	70.694	0.000149703333333333
35.3	70.794	0.000149763333333333
35.4	70.894	0.000149866666666667
35.5	70.994	0.000149943333333333
35.6	71.094	0.000150026666666667
35.7	71.194	0.0001501
35.8	71.294	0.000150186666666667
35.9	71.394	0.00015022
36.0	71.494	0.00015028
36.1	71.594	0.00015039
36.2	71.694	0.000150466666666667
36.3	71.794	0.00015055
36.4	71.894	0.000150626666666667
36.5	71.994	0.000150693333333333
36.6	72.094	0.000150763333333333
36.7	72.194	0.000150826666666667
36.8	72.294	0.000150853333333333
36.9	72.394	0.000150923333333333
37.0	72.494	0.00015099
37.1	72.594	0.000151026666666667
37.2	72.694	0.00015111
37.3	72.794	0.000151173333333333
37.4	72.894	0.000151246666666667
37.5	72.994	0.000151293333333333
37.6	73.094	0.000151346666666667
37.7	73.194	0.00015141
37.8	73.294	0.000151456666666667
37.9	73.394	0.000151506666666667
38.0	73.494	0.000151546666666667
38.1	73.594	0.000151613333333333
38.2	73.694	0.000151666666666667
38.3	73.794	0.000151716666666667
38.4	73.894	0.000151756666666667
38.5	73.994	0.000151816666666667
38.6	74.094	0.000151853333333333
38.7	74.194	0.000151903333333333
38.8	74.294	0.000151986666666667
38.9	74.394	0.000152016666666667
39.0	74.494	0.000152063333333333
39.1	74.594	0.000152123333333333
39.2	74.694	0.000152146666666667
39.3	74.794	0.000152193333333333
39.4	74.894	0.000152236666666667
39.5	74.994	0.000152286666666667
39.6	75.094	0.00015234
39.7	75.194	0.000152403333333333
39.8	75.294	0.000152426666666667
39.9	75.394	0.000152453333333333
40.0	75.494	0.000152486666666667
40.1	75.594	0.00015252
40.2	75.694	0.000152583333333333
40.3	75.794	0.000152603333333333
40.4	75.894	0.000152636666666667
40.5	75.994	0.00015268
40.6	76.094	0.000152713333333333
40.7	76.194	0.000152773333333333
40.8	76.294	0.000152783333333333
40.9	76.394	0.0001528
41.0	76.494	0.00015283
41.1	76.594	0.00015288
41.2	76.694	0.000152916666666667
41.3	76.794	0.000152953333333333
41.4	76.894	0.00015299
41.5	76.994	0.000153
41.6	77.094	0.000153026666666667
41.7	77.194	0.000153063333333333
41.8	77.294	0.000153096666666667
41.9	77.394	0.00015313
42.0	77.494	0.000153176666666667
42.1	77.594	0.000153193333333333
42.2	77.694	0.000153196666666667
42.3	77.794	0.00015324
42.4	77.894	0.000153243333333333
42.5	77.994	0.000153283333333333
42.6	78.094	0.00015329
42.7	78.194	0.00015331
42.8	78.294	0.00015333
42.9	78.394	0.000153343333333333
43.0	78.494	0.00015336
43.1	78.594	0.000153373333333333
43.2	78.694	0.000153396666666667
43.3	78.794	0.000153396666666667
43.4	78.894	0.000153423333333333
43.5	78.994	0.000153443333333333
43.6	79.094	0.000153433333333333
43.7	79.194	0.00015345
43.8	79.294	0.00015346
43.9	79.394	0.000153476666666667
44.0	79.494	0.00015348
44.1	79.594	0.000153493333333333
44.2	79.694	0.000153483333333333
44.3	79.794	0.00015349
44.4	79.894	0.00015351
44.5	79.994	0.00015353
44.6	80.094	0.000153533333333333
44.7	80.194	0.00015352
44.8	80.294	0.00015353
44.9	80.394	0.000153533333333333
45.0	80.494	0.000153506666666667
45.1	80.594	0.000153513333333333
45.2	80.694	0.000153503333333333
45.3	80.794	0.0001535
45.4	80.894	0.0001535
45.5	80.994	0.000153496666666667
45.6	81.094	0.000153483333333333
45.7	81.194	0.000153473333333333
45.8	81.294	0.00015345
45.9	81.394	0.000153466666666667
46.0	81.494	0.00015345
46.1	81.594	0.000153476666666667
46.2	81.694	0.000153443333333333
46.3	81.794	0.000153423333333333
46.4	81.894	0.00015341
46.5	81.994	0.000153403333333333
46.6	82.094	0.0001534
46.7	82.194	0.00015338
46.8	82.294	0.000153373333333333
46.9	82.394	0.000153376666666667
47.0	82.494	0.000153366666666667
47.1	82.594	0.000153343333333333
47.2	82.694	0.000153316666666667
47.3	82.794	0.000153296666666667
47.4	82.894	0.000153273333333333
47.5	82.994	0.000153266666666667
47.6	83.094	0.000153233333333333
47.7	83.194	0.000153193333333333
47.8	83.294	0.00015317
47.9	83.394	0.000153123333333333
48.0	83.494	0.000153103333333333
48.1	83.594	0.000153063333333333
48.2	83.694	0.00015305
48.3	83.794	0.000153
48.4	83.894	0.000152973333333333
48.5	83.994	0.000152933333333333
48.6	84.094	0.0001529
48.7	84.194	0.000152883333333333
48.8	84.294	0.00015286
48.9	84.394	0.000152826666666667
49.0	84.494	0.000152806666666667
49.1	84.594	0.00015277
49.2	84.694	0.00015276
49.3	84.794	0.000152703333333333
49.4	84.894	0.00015266
49.5	84.994	0.000152613333333333
49.6	85.094	0.00015258
49.7	85.194	0.00015255
49.8	85.294	0.000152526666666667
49.9	85.394	0.00015248
50.0	85.494	0.000152413333333333
50.1	85.594	0.000152366666666667
50.2	85.694	0.000152326666666667
50.3	85.794	0.000152263333333333
50.4	85.894	0.000152206666666667
50.5	85.994	0.000152166666666667
50.6	86.094	0.00015211
50.7	86.194	0.000152066666666667
50.8	86.294	0.00015201
50.9	86.394	0.000151953333333333
51.0	86.494	0.0001519
51.1	86.594	0.000151843333333333
51.2	86.694	0.000151776666666667
51.3	86.794	0.00015172
51.4	86.894	0.000151646666666667
51.5	86.994	0.000151636666666667
51.6	87.094	0.000151586666666667
51.7	87.194	0.00015151
51.8	87.294	0.000151433333333333
51.9	87.394	0.000151386666666667
52.0	87.494	0.000151316666666667
52.1	87.594	0.000151276666666667
52.2	87.694	0.00015121
52.3	87.794	0.000151146666666667
52.4	87.894	0.00015107
52.5	87.994	0.000151016666666667
52.6	88.094	0.00015094
52.7	88.194	0.00015086
52.8	88.294	0.0001508
52.9	88.394	0.000150743333333333
53.0	88.494	0.000150656666666667
53.1	88.594	0.000150576666666667
53.2	88.694	0.00015051
53.3	88.794	0.00015043
53.4	88.894	0.00015034
53.5	88.994	0.000150266666666667
53.6	89.094	0.000150226666666667
53.7	89.194	0.00015014
53.8	89.294	0.00015007
53.9	89.394	0.000149996666666667
54.0	89.494	0.000149913333333333
54.1	89.594	0.000149813333333333
54.2	89.694	0.000149723333333333
54.3	89.794	0.000149633333333333
54.4	89.894	0.00014957
54.5	89.994	0.000149503333333333
54.6	90.094	0.000149403333333333
54.7	90.194	0.000149306666666667
54.8	90.294	0.00014923
54.9	90.394	0.000149153333333333
55.0	90.494	0.00014905
55.1	90.594	0.000148926666666667
55.2	90.694	0.00014883
55.3	90.794	0.000148753333333333
55.4	90.894	0.000148663333333333
55.5	90.994	0.000148576666666667
55.6	91.094	0.00014849
55.7	91.194	0.0001484
55.8	91.294	0.000148286666666667
55.9	91.394	0.000148213333333333
56.0	91.494	0.000148103333333333
56.1	91.594	0.000147993333333333
56.2	91.694	0.000147893333333333
56.3	91.794	0.000147773333333333
56.4	91.894	0.000147656666666667
56.5	91.994	0.000147553333333333
56.6	92.094	0.000147456666666667
56.7	92.194	0.00014735
56.8	92.294	0.00014725
56.9	92.394	0.00014714
57.0	92.494	0.000147026666666667
57.1	92.594	0.000146933333333333
57.2	92.694	0.000146833333333333
57.3	92.794	0.00014674
57.4	92.894	0.00014663
57.5	92.994	0.000146536666666667
57.6	93.094	0.000146433333333333
57.7	93.194	0.00014631
57.8	93.294	0.000146283333333333
57.9	93.394	0.00014627
58.0	93.494	0.000146146666666667
58.1	93.594	0.000146036666666667
58.2	93.694	0.000145923333333333
58.3	93.794	0.000145793333333333
58.4	93.894	0.00014569
58.5	93.994	0.000145566666666667
58.6	94.094	0.000145433333333333
58.7	94.194	0.000145333333333333
58.8	94.294	0.000145206666666667
58.9	94.394	0.00014509
59.0	94.494	0.000145013333333333
59.1	94.594	0.000144873333333333
59.2	94.694	0.000144743333333333
59.3	94.794	0.000144613333333333
59.4	94.894	0.000144476666666667
59.5	94.994	0.000144386666666667
59.6	95.094	0.00014421
59.7	95.194	0.000144086666666667
59.8	95.294	0.00014399
59.9	95.394	0.00014387
60.0	95.494	0.000143746666666667
60.1	95.594	0.0001436
60.2	95.694	0.000143456666666667
60.3	95.794	0.00014333
60.4	95.894	0.0001432
60.5	95.994	0.00014307
60.6	96.094	0.000142933333333333
60.7	96.194	0.000142783333333333
60.8	96.294	0.000142613333333333
60.9	96.394	0.000142476666666667
61.0	96.494	0.000142353333333333
61.1	96.594	0.000142193333333333
61.2	96.694	0.000142056666666667
61.3	96.794	0.000141893333333333
61.4	96.894	0.000141763333333333
61.5	96.994	0.00014164
61.6	97.094	0.000141503333333333
61.7	97.194	0.000141353333333333
61.8	97.294	0.00014121
61.9	97.394	0.000141056666666667
62.0	97.494	0.0001409
62.1	97.594	0.000140776666666667
62.2	97.694	0.00014063
62.3	97.794	0.00014048
62.4	97.894	0.000140326666666667
62.5	97.994	0.000140173333333333
62.6	98.094	0.000140036666666667
62.7	98.194	0.000139873333333333
62.8	98.294	0.000139736666666667
62.9	98.394	0.000139623333333333
63.0	98.494	0.00013949
63.1	98.594	0.000139346666666667
63.2	98.694	0.000139163333333333
63.3	98.794	0.000139033333333333
63.4	98.894	0.000138873333333333
63.5	98.994	0.000138723333333333
63.6	99.094	0.000138536666666667
63.7	99.194	0.000138403333333333
63.8	99.294	0.000138243333333333
63.9	99.394	0.000138106666666667
64.0	99.494	0.00013796
64.1	99.594	0.000137806666666667
64.2	99.694	0.00013764
64.3	99.794	0.000137463333333333
64.4	99.894	0.00013727
64.5	99.994	0.000137086666666667
64.6	100.094	0.000136943333333333
64.7	100.194	0.000136776666666667
64.8	100.294	0.000136606666666667
64.9	100.394	0.00013646
65.0	100.494	0.00013628
65.1	100.594	0.000136103333333333
65.2	100.694	0.00013595
65.3	100.794	0.000135756666666667
65.4	100.894	0.000135593333333333
65.5	100.994	0.000135413333333333
65.6	101.094	0.000135233333333333
65.7	101.194	0.000135046666666667
65.8	101.294	0.00013485
65.9	101.394	0.000134656666666667
66.0	101.494	0.000134493333333333
66.1	101.594	0.000134296666666667
66.2	101.694	0.000134103333333333
66.3	101.794	0.00013394
66.4	101.894	0.000133756666666667
66.5	101.994	0.000133563333333333
66.6	102.094	0.000133383333333333
66.7	102.194	0.000133183333333333
66.8	102.294	0.000132996666666667
66.9	102.394	0.00013281
67.0	102.494	0.000132636666666667
67.1	102.594	0.000132473333333333
67.2	102.694	0.000132266666666667
67.3	102.794	0.00013206
67.4	102.894	0.00013185
67.5	102.994	0.000131653333333333
67.6	103.094	0.000131486666666667
67.7	103.194	0.000131346666666667
67.8	103.294	0.000131106666666667
67.9	103.394	0.000130976666666667
68.0	103.494	0.000130783333333333
68.1	103.594	0.00013059
68.2	103.694	0.00013037
68.3	103.794	0.00013017
68.4	103.894	0.000130013333333333
68.5	103.994	0.00012979
68.6	104.094	0.000129623333333333
68.7	104.194	0.00012948
68.8	104.294	0.000129253333333333
68.9	104.394	0.000129056666666667
69.0	104.494	0.000128853333333333
69.1	104.594	0.000128693333333333
69.2	104.694	0.000128533333333333
69.3	104.794	0.000128346666666667
69.4	104.894	0.000128136666666667
69.5	104.994	0.000127946666666667
69.6	105.094	0.000127746666666667
69.7	105.194	0.00012757
69.8	105.294	0.00012734
69.9	105.394	0.000127116666666667
70.0	105.494	0.000126913333333333
70.1	105.594	0.000126703333333333
70.2	105.694	0.000126516666666667
70.3	105.794	0.00012632
70.4	105.894	0.000126116666666667
70.5	105.994	0.000125926666666667
70.6	106.094	0.000125696666666667
70.7	106.194	0.00012548
70.8	106.294	0.00012529
70.9	106.394	0.000125093333333333
71.0	106.494	0.000124846666666667
71.1	106.594	0.00012464
71.2	106.694	0.000124413333333333
71.3	106.794	0.0001242
71.4	106.894	0.000123966666666667
71.5	106.994	0.00012377
71.6	107.094	0.00012356
71.7	107.194	0.000123376666666667
71.8	107.294	0.000123143333333333
71.9	107.394	0.000122916666666667
72.0	107.494	0.0001227
72.1	107.594	0.00012248
72.2	107.694	0.00012227
72.3	107.794	0.00012204
72.4	107.894	0.000121806666666667
72.5	107.994	0.000121633333333333
72.6	108.094	0.000121443333333333
72.7	108.194	0.00012126
72.8	108.294	0.000121093333333333
72.9	108.394	0.000120873333333333
73.0	108.494	0.00012066
73.1	108.594	0.000120436666666667
73.2	108.694	0.000120243333333333
73.3	108.794	0.000120036666666667
73.4	108.894	0.00011976
73.5	108.994	0.00011954
73.6	109.094	0.000119323333333333
73.7	109.194	0.000119096666666667
73.8	109.294	0.000118886666666667
73.9	109.394	0.00011869
74.0	109.494	0.000118443333333333
74.1	109.594	0.000118236666666667
74.2	109.694	0.000118
74.3	109.794	0.000117753333333333
74.4	109.894	0.000117526666666667
74.5	109.994	0.000117293333333333
74.6	110.094	0.00011709
74.7	110.194	0.000116866666666667
74.8	110.294	0.000116653333333333
74.9	110.394	0.000116426666666667
75.0	110.494	0.000116216666666667
75.1	110.594	0.000115963333333333
75.2	110.694	0.000115686666666667
75.3	110.794	0.000115486666666667
75.4	110.894	0.000115293333333333
75.5	110.994	0.00011505
75.6	111.094	0.000114833333333333
75.7	111.194	0.000114593333333333
75.8	111.294	0.000114383333333333
75.9	111.394	0.00011412
76.0	111.494	0.000113923333333333
76.1	111.594	0.000113636666666667
76.2	111.694	0.000113426666666667
76.3	111.794	0.000113196666666667
76.4	111.894	0.00011299
76.5	111.994	0.000112793333333333
76.6	112.094	0.00011254
76.7	112.194	0.000112316666666667
76.8	112.294	0.00011206
76.9	112.394	0.000111793333333333
77.0	112.494	0.00011157
77.1	112.594	0.000111346666666667
77.2	112.694	0.00011113
77.3	112.794	0.000110886666666667
77.4	112.894	0.000110703333333333
77.5	112.994	0.000110473333333333
77.6	113.094	0.000110263333333333
77.7	113.194	0.000110036666666667
77.8	113.294	0.00010981
77.9	113.394	0.00010955
78.0	113.494	0.000109356666666667
78.1	113.594	0.000109176666666667
78.2	113.694	0.000108976666666667
78.3	113.794	0.000108736666666667
78.4	113.894	0.000108506666666667
78.5	113.994	0.000108253333333333
78.6	114.094	0.00010804
78.7	114.194	0.000107803333333333
78.8	114.294	0.00010757
78.9	114.394	0.000107326666666667
79.0	114.494	0.000107066666666667
79.1	114.594	0.00010681
79.2	114.694	0.000106573333333333
79.3	114.794	0.000106343333333333
79.4	114.894	0.000106056666666667
79.5	114.994	0.000105823333333333
79.6	115.094	0.000105576666666667
79.7	115.194	0.000105303333333333
79.8	115.294	0.00010508
79.9	115.394	0.00010485
80.0	115.494	0.00010459
80.1	115.594	0.000104306666666667
80.2	115.694	0.000104016666666667
80.3	115.794	0.000103753333333333
80.4	115.894	0.000103476666666667
80.5	115.994	0.00010322
80.6	116.094	0.000102953333333333
80.7	116.194	0.000102673333333333
80.8	116.294	0.00010238
80.9	116.394	0.000102113333333333
81.0	116.494	0.00010184
81.1	116.594	0.00010155
81.2	116.694	0.000101276666666667
81.3	116.794	0.000101
81.4	116.894	0.00010075
81.5	116.994	0.000100496666666667
81.6	117.094	0.00010023
81.7	117.194	9.99833333333333E-05
81.8	117.294	9.97126666666667E-05
81.9	117.394	9.94553333333333E-05
82.0	117.494	9.91803333333333E-05
82.1	117.594	9.89096666666667E-05
82.2	117.694	9.8642E-05
82.3	117.794	9.83883333333333E-05
82.4	117.894	9.81133333333333E-05
82.5	117.994	9.78593333333333E-05
82.6	118.094	9.76393333333333E-05
82.7	118.194	9.7358E-05
82.8	118.294	9.71173333333333E-05
82.9	118.394	9.68566666666667E-05
83.0	118.494	9.6616E-05
83.1	118.594	9.6342E-05
83.2	118.694	9.61046666666667E-05
83.3	118.794	9.58606666666667E-05
83.4	118.894	9.55933333333333E-05
83.5	118.994	9.5346E-05
83.6	119.094	9.5092E-05
83.7	119.194	9.48513333333333E-05
83.8	119.294	9.45873333333333E-05
83.9	119.394	9.433E-05
84.0	119.494	9.40723333333333E-05
84.1	119.594	9.3822E-05
84.2	119.694	9.35706666666667E-05
84.3	119.794	9.3273E-05
84.4	119.894	9.30156666666667E-05
84.5	119.994	9.27373333333333E-05
84.6	120.094	9.247E-05
84.7	120.194	9.22326666666667E-05
84.8	120.294	9.19686666666667E-05
84.9	120.394	9.1708E-05
85.0	120.494	9.14263333333333E-05
85.1	120.594	9.1142E-05
85.2	120.694	9.08473333333333E-05
85.3	120.794	9.06266666666667E-05
85.4	120.894	9.0336E-05
85.5	120.994	9.00543333333333E-05
85.6	121.094	8.97803333333333E-05
85.7	121.194	8.9492E-05
85.8	121.294	8.9157E-05
85.9	121.394	8.8852E-05
86.0	121.494	8.8537E-05
86.1	121.594	8.82523333333333E-05
86.2	121.694	8.80013333333333E-05
86.3	121.794	8.76896666666667E-05
86.4	121.894	8.7429E-05
86.5	121.994	8.71446666666667E-05
86.6	122.094	8.68566666666667E-05
86.7	122.194	8.6586E-05
86.8	122.294	8.63043333333333E-05
86.9	122.394	8.60436666666667E-05
87.0	122.494	8.5773E-05
87.1	122.594	8.54846666666667E-05
87.2	122.694	8.52173333333333E-05
87.3	122.794	8.49356666666667E-05
87.4	122.894	8.4692E-05
87.5	122.994	8.44446666666667E-05
87.6	123.094	8.41906666666667E-05
87.7	123.194	8.3957E-05
87.8	123.294	8.3686E-05
87.9	123.394	8.34083333333333E-05
88.0	123.494	8.31443333333333E-05
88.1	123.594	8.29136666666667E-05
88.2	123.694	8.2629E-05
88.3	123.794	8.2378E-05
88.4	123.894	8.21376666666667E-05
88.5	123.994	8.18873333333333E-05
88.6	124.094	8.1606E-05
88.7	124.194	8.13386666666667E-05
88.8	124.294	8.10703333333333E-05
88.9	124.394	8.0813E-05
89.0	124.494	8.0522E-05
89.1	124.594	8.0244E-05
89.2	124.694	7.99666666666667E-05
89.3	124.794	7.9685E-05
89.4	124.894	7.94376666666667E-05
89.5	124.994	7.9204E-05
89.6	125.094	7.8913E-05
89.7	125.194	7.8659E-05
89.8	125.294	7.8384E-05
89.9	125.394	7.81033333333333E-05
90.0	125.494	7.77916666666667E-05
90.1	125.594	7.7561E-05
0	35.494	8.18466666666667E-05
0.1	35.594	8.20973333333333E-05
0.2	35.694	8.23813333333333E-05
0.3	35.794	8.26933333333333E-05
0.4	35.894	8.2968E-05
0.5	35.994	8.32453333333333E-05
0.6	36.094	8.34486666666667E-05
0.7	36.194	8.37066666666667E-05
0.8	36.294	8.39396666666667E-05
0.9	36.394	8.42313333333333E-05
